FX S 02-196 AIRFOIL                             
 Alfa = -19.50000 Re = 19899914.000 Xflap,Yflap =     0.000000    0.000000
#    x        y        Cp  
   1.00000  0.00000  0.01588
   0.99142  0.00210 -0.53341
   0.97649  0.00570 -0.27403
   0.95908  0.00986 -0.16964
   0.93991  0.01455 -0.11206
   0.91968  0.01960 -0.07432
   0.89908  0.02483 -0.03864
   0.87834  0.03029 -0.03142
   0.85725  0.03594 -0.02521
   0.83612  0.04164 -0.01605
   0.81517  0.04736 -0.02007
   0.79429  0.05305 -0.01933
   0.77348  0.05870 -0.01623
   0.75286  0.06434 -0.02981
   0.73221  0.06983 -0.02348
   0.71145  0.07531 -0.02286
   0.69088  0.08070 -0.03481
   0.67021  0.08592 -0.03489
   0.64941  0.09111 -0.04167
   0.62895  0.09612 -0.05597
   0.60837  0.10088 -0.04633
   0.58748  0.10560 -0.04849
   0.56700  0.11009 -0.06373
   0.54662  0.11425 -0.05770
   0.52599  0.11825 -0.05919
   0.50601  0.12192 -0.07912
   0.48638  0.12506 -0.06737
   0.46627  0.12791 -0.05003
   0.44675  0.13046 -0.07202
   0.42825  0.13233 -0.07100
   0.40957  0.13352 -0.02119
   0.39068  0.13428  0.00217
   0.37261  0.13447  0.02485
   0.35460  0.13388  0.11098
   0.33578  0.13287  0.18324
   0.31755  0.13175  0.19796
   0.30042  0.13009  0.25843
   0.28324  0.12788  0.35476
   0.26626  0.12578  0.37847
   0.25043  0.12355  0.39992
   0.23521  0.12061  0.49160
   0.21997  0.11751  0.55737
   0.20538  0.11476  0.56732
   0.19185  0.11167  0.60960
   0.17878  0.10795  0.69506
   0.16589  0.10440  0.74078
   0.15372  0.10129  0.75333
   0.14250  0.09781  0.79530
   0.13186  0.09381  0.85804
   0.12151  0.09008  0.89241
   0.11173  0.08693  0.90869
   0.10283  0.08364  0.93206
   0.09469  0.07984  0.96466
   0.08693  0.07605  0.98415
   0.07943  0.07285  0.99309
   0.07246  0.07003  0.99911
   0.06621  0.06699  0.99831
   0.06059  0.06351  0.99031
   0.05528  0.06003  0.97794
   0.05003  0.05698  0.95934
   0.04491  0.05441  0.91463
   0.04020  0.05186  0.83574
   0.03605  0.04894  0.75552
   0.03234  0.04565  0.71652
   0.02875  0.04235  0.69030
   0.02506  0.03939  0.60677
   0.02128  0.03678  0.38377
   0.01769  0.03422  0.00870
   0.01448  0.03142 -0.37556
   0.01162  0.02841 -0.72651
   0.00907  0.02533 -1.17939
   0.00682  0.02231 -1.87985
   0.00497  0.01934 -2.76593
   0.00353  0.01640 -3.50566
   0.00244  0.01347 -4.05817
   0.00158  0.01059 -4.62538
   0.00085  0.00783 -5.65264
   0.00026  0.00523 -7.74654
  -0.00007  0.00276-10.57464
  -0.00004  0.00040-13.54081
   0.00042 -0.00193-15.31364
   0.00136 -0.00416-15.13768
   0.00275 -0.00623-14.03160
   0.00443 -0.00823-11.20188
   0.00624 -0.01020-11.68058
   0.00822 -0.01198-12.67032
   0.01046 -0.01340-11.00576
   0.01297 -0.01446 -7.44464
   0.01563 -0.01544 -5.60480
   0.01827 -0.01667 -4.97159
   0.02084 -0.01823 -5.20429
   0.02342 -0.01992 -6.28060
   0.02616 -0.02148 -7.43341
   0.02920 -0.02266 -6.58326
   0.03256 -0.02354 -5.00403
   0.03617 -0.02436 -3.87925
   0.03994 -0.02545 -3.49986
   0.04383 -0.02693 -3.70703
   0.04789 -0.02860 -4.16851
   0.05227 -0.03014 -4.48403
   0.05709 -0.03130 -3.84174
   0.06240 -0.03226 -3.09375
   0.06814 -0.03343 -2.69341
   0.07423 -0.03510 -2.78447
   0.08073 -0.03701 -3.09230
   0.08780 -0.03864 -3.02669
   0.09559 -0.03986 -2.50221
   0.10407 -0.04118 -2.15027
   0.11312 -0.04310 -2.23199
   0.12270 -0.04516 -2.41364
   0.13301 -0.04668 -2.16070
   0.14415 -0.04796 -1.80746
   0.15597 -0.04977 -1.79343
   0.16825 -0.05179 -1.92417
   0.18116 -0.05322 -1.74093
   0.19491 -0.05440 -1.49918
   0.20921 -0.05605 -1.52249
   0.22374 -0.05760 -1.55492
   0.23880 -0.05849 -1.35835
   0.25462 -0.05936 -1.23095
   0.27069 -0.06055 -1.26532
   0.28688 -0.06130 -1.20738
   0.30377 -0.06155 -1.04651
   0.32118 -0.06194 -0.99970
   0.33836 -0.06225 -0.98417
   0.35573 -0.06193 -0.86530
   0.37379 -0.06134 -0.75291
   0.39152 -0.06082 -0.70871
   0.40863 -0.05978 -0.61026
   0.42633 -0.05794 -0.45834
   0.44513 -0.05584 -0.34186
   0.46381 -0.05368 -0.25387
   0.48223 -0.05104 -0.18278
   0.50120 -0.04807 -0.15366
   0.52059 -0.04521 -0.16661
   0.53995 -0.04220 -0.16322
   0.55945 -0.03890 -0.15723
   0.57930 -0.03568 -0.14989
   0.59930 -0.03248 -0.14204
   0.61928 -0.02911 -0.13415
   0.63935 -0.02587 -0.12597
   0.65975 -0.02274 -0.11752
   0.68020 -0.01953 -0.10909
   0.70065 -0.01647 -0.10062
   0.72152 -0.01357 -0.09192
   0.74243 -0.01069 -0.08330
   0.76324 -0.00805 -0.07475
   0.78439 -0.00555 -0.06614
   0.80516 -0.00325 -0.05779
   0.82594 -0.00127 -0.04950
   0.84671  0.00057 -0.04136
   0.86698  0.00204 -0.03350
   0.88721  0.00320 -0.02575
   0.90694  0.00401 -0.01829
   0.92614  0.00444 -0.01109
   0.94440  0.00445 -0.00429
   0.96148  0.00397  0.00203
   0.97714  0.00293  0.00786
   0.99136  0.00133  0.01312
   1.00000  0.00000  0.01588
