FX S 02-196 AIRFOIL                             
 Alfa =  -6.50000 Re = 19899914.000 Xflap,Yflap =     0.000000    0.000000
#    x        y        Cp  
   1.00000  0.00000  0.28628
   0.99142  0.00210  0.23654
   0.97649  0.00570  0.19509
   0.95908  0.00986  0.16735
   0.93991  0.01455  0.13978
   0.91968  0.01960  0.11504
   0.89908  0.02483  0.09713
   0.87834  0.03029  0.06863
   0.85725  0.03594  0.04034
   0.83612  0.04164  0.01654
   0.81517  0.04736 -0.01473
   0.79429  0.05305 -0.04166
   0.77348  0.05870 -0.06641
   0.75286  0.06434 -0.10415
   0.73221  0.06983 -0.12618
   0.71145  0.07531 -0.15349
   0.69088  0.08070 -0.19227
   0.67021  0.08592 -0.21189
   0.64941  0.09111 -0.24487
   0.62895  0.09612 -0.28887
   0.60837  0.10088 -0.30683
   0.58748  0.10560 -0.33842
   0.56700  0.11009 -0.38819
   0.54662  0.11425 -0.41226
   0.52599  0.11825 -0.44796
   0.50601  0.12192 -0.51071
   0.48638  0.12506 -0.53332
   0.46627  0.12791 -0.54803
   0.44675  0.13046 -0.62454
   0.42825  0.13233 -0.66676
   0.40957  0.13352 -0.64290
   0.39068  0.13428 -0.65489
   0.37261  0.13447 -0.67177
   0.35460  0.13388 -0.58660
   0.33578  0.13287 -0.51533
   0.31755  0.13175 -0.55228
   0.30042  0.13009 -0.50026
   0.28324  0.12788 -0.37726
   0.26626  0.12578 -0.39256
   0.25043  0.12355 -0.42602
   0.23521  0.12061 -0.29247
   0.21997  0.11751 -0.20057
   0.20538  0.11476 -0.26708
   0.19185  0.11167 -0.24612
   0.17878  0.10795 -0.07547
   0.16589  0.10440 -0.01871
   0.15372  0.10129 -0.09453
   0.14250  0.09781 -0.05178
   0.13186  0.09381  0.12369
   0.12151  0.09008  0.19383
   0.11173  0.08693  0.12620
   0.10283  0.08364  0.11926
   0.09469  0.07984  0.27816
   0.08693  0.07605  0.40957
   0.07943  0.07285  0.39879
   0.07246  0.07003  0.35170
   0.06621  0.06699  0.37442
   0.06059  0.06351  0.51878
   0.05528  0.06003  0.63318
   0.05003  0.05698  0.66898
   0.04491  0.05441  0.64539
   0.04020  0.05186  0.63700
   0.03605  0.04894  0.70811
   0.03234  0.04565  0.81108
   0.02875  0.04235  0.87757
   0.02506  0.03939  0.90765
   0.02128  0.03678  0.92165
   0.01769  0.03422  0.94619
   0.01448  0.03142  0.97891
   0.01162  0.02841  0.99839
   0.00907  0.02533  0.99511
   0.00682  0.02231  0.96154
   0.00497  0.01934  0.88568
   0.00353  0.01640  0.76967
   0.00244  0.01347  0.63160
   0.00158  0.01059  0.46748
   0.00085  0.00783  0.22173
   0.00026  0.00523 -0.21643
  -0.00007  0.00276 -0.87061
  -0.00004  0.00040 -1.69311
   0.00042 -0.00193 -2.43854
   0.00136 -0.00416 -2.84078
   0.00275 -0.00623 -2.61344
   0.00443 -0.00823 -2.41277
   0.00624 -0.01020 -2.77455
   0.00822 -0.01198 -3.27942
   0.01046 -0.01340 -3.01705
   0.01297 -0.01446 -2.12143
   0.01563 -0.01544 -1.24027
   0.01827 -0.01667 -1.00568
   0.02084 -0.01823 -1.30748
   0.02342 -0.01992 -1.88262
   0.02616 -0.02148 -2.47752
   0.02920 -0.02266 -2.21542
   0.03256 -0.02354 -1.59601
   0.03617 -0.02436 -1.11495
   0.03994 -0.02545 -0.96538
   0.04383 -0.02693 -1.12424
   0.04789 -0.02860 -1.45583
   0.05227 -0.03014 -1.69542
   0.05709 -0.03130 -1.42654
   0.06240 -0.03226 -1.05649
   0.06814 -0.03343 -0.86099
   0.07423 -0.03510 -0.98140
   0.08073 -0.03701 -1.24284
   0.08780 -0.03864 -1.27386
   0.09559 -0.03986 -0.98769
   0.10407 -0.04118 -0.79256
   0.11312 -0.04310 -0.91075
   0.12270 -0.04516 -1.11483
   0.13301 -0.04668 -0.98992
   0.14415 -0.04796 -0.76733
   0.15597 -0.04977 -0.81429
   0.16825 -0.05179 -0.98527
   0.18116 -0.05322 -0.89305
   0.19491 -0.05440 -0.73199
   0.20921 -0.05605 -0.81236
   0.22374 -0.05760 -0.90890
   0.23880 -0.05849 -0.77693
   0.25462 -0.05936 -0.70417
   0.27069 -0.06055 -0.80701
   0.28688 -0.06130 -0.81057
   0.30377 -0.06155 -0.69471
   0.32118 -0.06194 -0.71061
   0.33836 -0.06225 -0.77790
   0.35573 -0.06193 -0.70719
   0.37379 -0.06134 -0.64735
   0.39152 -0.06082 -0.70946
   0.40863 -0.05978 -0.70081
   0.42633 -0.05794 -0.57542
   0.44513 -0.05584 -0.51267
   0.46381 -0.05368 -0.50080
   0.48223 -0.05104 -0.41694
   0.50120 -0.04807 -0.32840
   0.52059 -0.04521 -0.30246
   0.53995 -0.04220 -0.26126
   0.55945 -0.03890 -0.18918
   0.57930 -0.03568 -0.15156
   0.59930 -0.03248 -0.12281
   0.61928 -0.02911 -0.06866
   0.63935 -0.02587 -0.03162
   0.65975 -0.02274 -0.00882
   0.68020 -0.01953  0.03169
   0.70065 -0.01647  0.06343
   0.72152 -0.01357  0.08535
   0.74243 -0.01069  0.11733
   0.76324 -0.00805  0.14118
   0.78439 -0.00555  0.16378
   0.80516 -0.00325  0.18985
   0.82594 -0.00127  0.20583
   0.84671  0.00057  0.22925
   0.86698  0.00204  0.24675
   0.88721  0.00320  0.26285
   0.90694  0.00401  0.27832
   0.92614  0.00444  0.29154
   0.94440  0.00445  0.30297
   0.96148  0.00397  0.31048
   0.97714  0.00293  0.30971
   0.99136  0.00133  0.29714
   1.00000  0.00000  0.28628
