FX S 02-196 AIRFOIL                             
 Alfa = -22.50000 Re = 19899914.000 Xflap,Yflap =     0.000000    0.000000
#    x        y        Cp  
   1.00000  0.00000 -0.09748
   0.99142  0.00210 -0.77111
   0.97649  0.00570 -0.42188
   0.95908  0.00986 -0.28622
   0.93991  0.01455 -0.20860
   0.91968  0.01960 -0.15557
   0.89908  0.02483 -0.10529
   0.87834  0.03029 -0.08789
   0.85725  0.03594 -0.07503
   0.83612  0.04164 -0.06537
   0.81517  0.04736 -0.06176
   0.79429  0.05305 -0.05509
   0.77348  0.05870 -0.04751
   0.75286  0.06434 -0.05491
   0.73221  0.06983 -0.04549
   0.71145  0.07531 -0.04256
   0.69088  0.08070 -0.04990
   0.67021  0.08592 -0.03850
   0.64941  0.09111 -0.03899
   0.62895  0.09612 -0.04947
   0.60837  0.10088 -0.03447
   0.58748  0.10560 -0.03167
   0.56700  0.11009 -0.04146
   0.54662  0.11425 -0.02976
   0.52599  0.11825 -0.02600
   0.50601  0.12192 -0.03949
   0.48638  0.12506 -0.02152
   0.46627  0.12791 -0.00012
   0.44675  0.13046 -0.01414
   0.42825  0.13233 -0.00555
   0.40957  0.13352  0.04555
   0.39068  0.13428  0.07580
   0.37261  0.13447  0.10306
   0.35460  0.13388  0.18896
   0.33578  0.13287  0.26299
   0.31755  0.13175  0.28249
   0.30042  0.13009  0.34421
   0.28324  0.12788  0.43622
   0.26626  0.12578  0.46334
   0.25043  0.12355  0.48903
   0.23521  0.12061  0.57524
   0.21997  0.11751  0.63684
   0.20538  0.11476  0.65160
   0.19185  0.11167  0.69438
   0.17878  0.10795  0.76814
   0.16589  0.10440  0.80970
   0.15372  0.10129  0.82575
   0.14250  0.09781  0.86542
   0.13186  0.09381  0.91232
   0.12151  0.09008  0.93871
   0.11173  0.08693  0.95624
   0.10283  0.08364  0.97381
   0.09469  0.07984  0.99144
   0.08693  0.07605  0.99874
   0.07943  0.07285  0.99981
   0.07246  0.07003  0.99347
   0.06621  0.06699  0.97536
   0.06059  0.06351  0.95482
   0.05528  0.06003  0.93607
   0.05003  0.05698  0.90392
   0.04491  0.05441  0.82882
   0.04020  0.05186  0.70318
   0.03605  0.04894  0.59901
   0.03234  0.04565  0.55873
   0.02875  0.04235  0.54123
   0.02506  0.03939  0.43332
   0.02128  0.03678  0.14871
   0.01769  0.03422 -0.34316
   0.01448  0.03142 -0.80372
   0.01162  0.02841 -1.20390
   0.00907  0.02533 -1.73344
   0.00682  0.02231 -2.56433
   0.00497  0.01934 -3.57905
   0.00353  0.01640 -4.38794
   0.00244  0.01347 -5.00010
   0.00158  0.01059 -5.53417
   0.00085  0.00783 -6.76248
   0.00026  0.00523 -8.97017
  -0.00007  0.00276-12.25424
  -0.00004  0.00040-15.33877
   0.00042 -0.00193-17.25121
   0.00136 -0.00416-16.90517
   0.00275 -0.00623-15.59451
   0.00443 -0.00823-12.32999
   0.00624 -0.01020-12.88584
   0.00822 -0.01198-13.68283
   0.01046 -0.01340-11.97292
   0.01297 -0.01446 -8.00900
   0.01563 -0.01544 -6.08549
   0.01827 -0.01667 -5.43176
   0.02084 -0.01823 -5.61244
   0.02342 -0.01992 -6.69350
   0.02616 -0.02148 -7.81730
   0.02920 -0.02266 -6.92871
   0.03256 -0.02354 -5.24997
   0.03617 -0.02436 -4.12224
   0.03994 -0.02545 -3.70703
   0.04383 -0.02693 -3.87371
   0.04789 -0.02860 -4.35045
   0.05227 -0.03014 -4.58731
   0.05709 -0.03130 -3.94989
   0.06240 -0.03226 -3.19015
   0.06814 -0.03343 -2.77567
   0.07423 -0.03510 -2.85149
   0.08073 -0.03701 -3.10885
   0.08780 -0.03864 -3.02316
   0.09559 -0.03986 -2.49773
   0.10407 -0.04118 -2.15224
   0.11312 -0.04310 -2.20077
   0.12270 -0.04516 -2.33934
   0.13301 -0.04668 -2.07655
   0.14415 -0.04796 -1.73917
   0.15597 -0.04977 -1.70064
   0.16825 -0.05179 -1.77547
   0.18116 -0.05322 -1.59030
   0.19491 -0.05440 -1.35593
   0.20921 -0.05605 -1.33829
   0.22374 -0.05760 -1.31948
   0.23880 -0.05849 -1.12699
   0.25462 -0.05936 -0.98918
   0.27069 -0.06055 -0.95565
   0.28688 -0.06130 -0.85000
   0.30377 -0.06155 -0.69218
   0.32118 -0.06194 -0.59107
   0.33836 -0.06225 -0.49939
   0.35573 -0.06193 -0.39430
   0.37379 -0.06134 -0.32972
   0.39152 -0.06082 -0.32864
   0.40863 -0.05978 -0.32980
   0.42633 -0.05794 -0.32365
   0.44513 -0.05584 -0.31505
   0.46381 -0.05368 -0.30604
   0.48223 -0.05104 -0.29750
   0.50120 -0.04807 -0.28873
   0.52059 -0.04521 -0.27954
   0.53995 -0.04220 -0.27045
   0.55945 -0.03890 -0.26143
   0.57930 -0.03568 -0.25221
   0.59930 -0.03248 -0.24302
   0.61928 -0.02911 -0.23406
   0.63935 -0.02587 -0.22519
   0.65975 -0.02274 -0.21634
   0.68020 -0.01953 -0.20774
   0.70065 -0.01647 -0.19934
   0.72152 -0.01357 -0.19097
   0.74243 -0.01069 -0.18286
   0.76324 -0.00805 -0.17499
   0.78439 -0.00555 -0.16721
   0.80516 -0.00325 -0.15979
   0.82594 -0.00127 -0.15253
   0.84671  0.00057 -0.14548
   0.86698  0.00204 -0.13874
   0.88721  0.00320 -0.13215
   0.90694  0.00401 -0.12585
   0.92614  0.00444 -0.11981
   0.94440  0.00445 -0.11415
   0.96148  0.00397 -0.10890
   0.97714  0.00293 -0.10410
   0.99136  0.00133 -0.09978
   1.00000  0.00000 -0.09748
