FX S 02-196 AIRFOIL                             
 Alfa =  18.50000 Re = 19899914.000 Xflap,Yflap =     0.000000    0.000000
#    x        y        Cp  
   1.00000  0.00000 -0.17353
   0.99142  0.00210 -0.17631
   0.97649  0.00570 -0.18156
   0.95908  0.00986 -0.18789
   0.93991  0.01455 -0.19509
   0.91968  0.01960 -0.20294
   0.89908  0.02483 -0.21124
   0.87834  0.03029 -0.21989
   0.85725  0.03594 -0.22904
   0.83612  0.04164 -0.23857
   0.81517  0.04736 -0.24840
   0.79429  0.05305 -0.25859
   0.77348  0.05870 -0.26915
   0.75286  0.06434 -0.27996
   0.73221  0.06983 -0.29118
   0.71145  0.07531 -0.30276
   0.69088  0.08070 -0.31447
   0.67021  0.08592 -0.32644
   0.64941  0.09111 -0.33850
   0.62895  0.09612 -0.35027
   0.60837  0.10088 -0.36203
   0.58748  0.10560 -0.37363
   0.56700  0.11009 -0.38438
   0.54662  0.11425 -0.39419
   0.52599  0.11825 -0.39985
   0.50601  0.12192 -0.38709
   0.48638  0.12506 -0.47350
   0.46627  0.12791 -0.62638
   0.44675  0.13046 -0.83920
   0.42825  0.13233 -1.04613
   0.40957  0.13352 -1.19582
   0.39068  0.13428 -1.36253
   0.37261  0.13447 -1.52556
   0.35460  0.13388 -1.56260
   0.33578  0.13287 -1.60672
   0.31755  0.13175 -1.79161
   0.30042  0.13009 -1.85396
   0.28324  0.12788 -1.79643
   0.26626  0.12578 -1.96199
   0.25043  0.12355 -2.17323
   0.23521  0.12061 -2.07755
   0.21997  0.11751 -2.04468
   0.20538  0.11476 -2.35347
   0.19185  0.11167 -2.49363
   0.17878  0.10795 -2.26961
   0.16589  0.10440 -2.30187
   0.15372  0.10129 -2.72262
   0.14250  0.09781 -2.84242
   0.13186  0.09381 -2.52133
   0.12151  0.09008 -2.50890
   0.11173  0.08693 -3.01702
   0.10283  0.08364 -3.38344
   0.09469  0.07984 -3.02035
   0.08693  0.07605 -2.70517
   0.07943  0.07285 -2.99974
   0.07246  0.07003 -3.73099
   0.06621  0.06699 -4.11093
   0.06059  0.06351 -3.54060
   0.05528  0.06003 -3.04736
   0.05003  0.05698 -3.11560
   0.04491  0.05441 -3.95115
   0.04020  0.05186 -5.01753
   0.03605  0.04894 -5.03086
   0.03234  0.04565 -4.07214
   0.02875  0.04235 -3.41697
   0.02506  0.03939 -3.50224
   0.02128  0.03678 -4.42572
   0.01769  0.03422 -5.71630
   0.01448  0.03142 -6.26576
   0.01162  0.02841 -6.23909
   0.00907  0.02533 -6.34960
   0.00682  0.02231 -6.82309
   0.00497  0.01934 -7.24282
   0.00353  0.01640 -7.04193
   0.00244  0.01347 -6.42686
   0.00158  0.01059 -5.87419
   0.00085  0.00783 -5.80985
   0.00026  0.00523 -6.94995
  -0.00007  0.00276 -7.32149
  -0.00004  0.00040 -7.65122
   0.00042 -0.00193 -6.96978
   0.00136 -0.00416 -5.46203
   0.00275 -0.00623 -3.49133
   0.00443 -0.00823 -2.22178
   0.00624 -0.01020 -1.78699
   0.00822 -0.01198 -1.41433
   0.01046 -0.01340 -0.73257
   0.01297 -0.01446  0.01456
   0.01563 -0.01544  0.42412
   0.01827 -0.01667  0.56389
   0.02084 -0.01823  0.58040
   0.02342 -0.01992  0.58744
   0.02616 -0.02148  0.62355
   0.02920 -0.02266  0.75195
   0.03256 -0.02354  0.85565
   0.03617 -0.02436  0.92119
   0.03994 -0.02545  0.94820
   0.04383 -0.02693  0.96339
   0.04789 -0.02860  0.97530
   0.05227 -0.03014  0.98919
   0.05709 -0.03130  0.99820
   0.06240 -0.03226  0.99996
   0.06814 -0.03343  0.99783
   0.07423 -0.03510  0.99235
   0.08073 -0.03701  0.98009
   0.08780 -0.03864  0.96349
   0.09559 -0.03986  0.95150
   0.10407 -0.04118  0.94008
   0.11312 -0.04310  0.91511
   0.12270 -0.04516  0.87560
   0.13301 -0.04668  0.85462
   0.14415 -0.04796  0.84680
   0.15597 -0.04977  0.81390
   0.16825 -0.05179  0.75871
   0.18116 -0.05322  0.73562
   0.19491 -0.05440  0.73011
   0.20921 -0.05605  0.68203
   0.22374 -0.05760  0.62502
   0.23880 -0.05849  0.61715
   0.25462 -0.05936  0.60322
   0.27069 -0.06055  0.53954
   0.28688 -0.06130  0.49969
   0.30377 -0.06155  0.50207
   0.32118 -0.06194  0.46292
   0.33836 -0.06225  0.39955
   0.35573 -0.06193  0.39235
   0.37379 -0.06134  0.38237
   0.39152 -0.06082  0.31996
   0.40863 -0.05978  0.28630
   0.42633 -0.05794  0.31232
   0.44513 -0.05584  0.31122
   0.46381 -0.05368  0.28166
   0.48223 -0.05104  0.29509
   0.50120 -0.04807  0.31718
   0.52059 -0.04521  0.30213
   0.53995 -0.04220  0.29529
   0.55945 -0.03890  0.31817
   0.57930 -0.03568  0.32023
   0.59930 -0.03248  0.30637
   0.61928 -0.02911  0.32349
   0.63935 -0.02587  0.32511
   0.65975 -0.02274  0.31069
   0.68020 -0.01953  0.32181
   0.70065 -0.01647  0.32343
   0.72152 -0.01357  0.31206
   0.74243 -0.01069  0.31844
   0.76324 -0.00805  0.31223
   0.78439 -0.00555  0.30581
   0.80516 -0.00325  0.30816
   0.82594 -0.00127  0.29012
   0.84671  0.00057  0.28992
   0.86698  0.00204  0.27698
   0.88721  0.00320  0.26172
   0.90694  0.00401  0.24349
   0.92614  0.00444  0.22028
   0.94440  0.00445  0.19063
   0.96148  0.00397  0.14853
   0.97714  0.00293  0.06449
   0.99136  0.00133 -0.16183
   1.00000  0.00000 -0.17353
