FX S 02-196 AIRFOIL                             
 Alfa = -30.00000 Re = 19899914.000 Xflap,Yflap =     0.000000    0.000000
#    x        y        Cp  
   1.00000  0.00000 -0.53357
   0.99142  0.00210 -0.51841
   0.97649  0.00570 -0.45850
   0.95908  0.00986 -0.37519
   0.93991  0.01455 -0.31503
   0.91968  0.01960 -0.26618
   0.89908  0.02483 -0.21586
   0.87834  0.03029 -0.19561
   0.85725  0.03594 -0.17659
   0.83612  0.04164 -0.15362
   0.81517  0.04736 -0.14438
   0.79429  0.05305 -0.13110
   0.77348  0.05870 -0.11494
   0.75286  0.06434 -0.11623
   0.73221  0.06983 -0.09771
   0.71145  0.07531 -0.08710
   0.69088  0.08070 -0.08680
   0.67021  0.08592 -0.06656
   0.64941  0.09111 -0.05869
   0.62895  0.09612 -0.06178
   0.60837  0.10088 -0.03691
   0.58748  0.10560 -0.02521
   0.56700  0.11009 -0.02743
   0.54662  0.11425 -0.00542
   0.52599  0.11825  0.00741
   0.50601  0.12192  0.00342
   0.48638  0.12506  0.03031
   0.46627  0.12791  0.06237
   0.44675  0.13046  0.05723
   0.42825  0.13233  0.07555
   0.40957  0.13352  0.13377
   0.39068  0.13428  0.17163
   0.37261  0.13447  0.20739
   0.35460  0.13388  0.29224
   0.33578  0.13287  0.36781
   0.31755  0.13175  0.39303
   0.30042  0.13009  0.45647
   0.28324  0.12788  0.54162
   0.26626  0.12578  0.57293
   0.25043  0.12355  0.60281
   0.23521  0.12061  0.67710
   0.21997  0.11751  0.73409
   0.20538  0.11476  0.75265
   0.19185  0.11167  0.79169
   0.17878  0.10795  0.84997
   0.16589  0.10440  0.88407
   0.15372  0.10129  0.90207
   0.14250  0.09781  0.93073
   0.13186  0.09381  0.96201
   0.12151  0.09008  0.97845
   0.11173  0.08693  0.98972
   0.10283  0.08364  0.99777
   0.09469  0.07984  0.99978
   0.08693  0.07605  0.99600
   0.07943  0.07285  0.98569
   0.07246  0.07003  0.96231
   0.06621  0.06699  0.92602
   0.06059  0.06351  0.90024
   0.05528  0.06003  0.87781
   0.05003  0.05698  0.83742
   0.04491  0.05441  0.73486
   0.04020  0.05186  0.57701
   0.03605  0.04894  0.45551
   0.03234  0.04565  0.43490
   0.02875  0.04235  0.43014
   0.02506  0.03939  0.32905
   0.02128  0.03678  0.00635
   0.01769  0.03422 -0.50447
   0.01448  0.03142 -0.96368
   0.01162  0.02841 -1.34935
   0.00907  0.02533 -1.81316
   0.00682  0.02231 -2.60401
   0.00497  0.01934 -3.50257
   0.00353  0.01640 -4.20410
   0.00244  0.01347 -4.65135
   0.00158  0.01059 -5.05989
   0.00085  0.00783 -6.01204
   0.00026  0.00523 -7.96015
  -0.00007  0.00276-10.47416
  -0.00004  0.00040-13.01438
   0.00042 -0.00193-14.23131
   0.00136 -0.00416-13.62302
   0.00275 -0.00623-12.58480
   0.00443 -0.00823-11.72725
   0.00624 -0.01020 -9.39598
   0.00822 -0.01198 -9.61893
   0.01046 -0.01340 -7.73793
   0.01297 -0.01446 -4.78626
   0.01563 -0.01544 -4.28051
   0.01827 -0.01667 -3.87112
   0.02084 -0.01823 -3.41207
   0.02342 -0.01992 -3.54336
   0.02616 -0.02148 -3.81344
   0.02920 -0.02266 -3.03897
   0.03256 -0.02354 -2.16041
   0.03617 -0.02436 -1.53332
   0.03994 -0.02545 -1.48820
   0.04383 -0.02693 -1.42474
   0.04789 -0.02860 -1.36053
   0.05227 -0.03014 -1.29813
   0.05709 -0.03130 -1.24612
   0.06240 -0.03226 -1.22618
   0.06814 -0.03343 -1.19563
   0.07423 -0.03510 -1.16199
   0.08073 -0.03701 -1.12686
   0.08780 -0.03864 -1.09402
   0.09559 -0.03986 -1.06361
   0.10407 -0.04118 -1.03365
   0.11312 -0.04310 -1.00349
   0.12270 -0.04516 -0.97479
   0.13301 -0.04668 -0.94877
   0.14415 -0.04796 -0.92422
   0.15597 -0.04977 -0.90021
   0.16825 -0.05179 -0.87770
   0.18116 -0.05322 -0.85725
   0.19491 -0.05440 -0.83789
   0.20921 -0.05605 -0.81925
   0.22374 -0.05760 -0.80219
   0.23880 -0.05849 -0.78653
   0.25462 -0.05936 -0.77145
   0.27069 -0.06055 -0.75720
   0.28688 -0.06130 -0.74420
   0.30377 -0.06155 -0.73186
   0.32118 -0.06194 -0.71996
   0.33836 -0.06225 -0.70907
   0.35573 -0.06193 -0.69900
   0.37379 -0.06134 -0.68922
   0.39152 -0.06082 -0.68018
   0.40863 -0.05978 -0.67211
   0.42633 -0.05794 -0.66434
   0.44513 -0.05584 -0.65651
   0.46381 -0.05368 -0.64914
   0.48223 -0.05104 -0.64230
   0.50120 -0.04807 -0.63558
   0.52059 -0.04521 -0.62898
   0.53995 -0.04220 -0.62271
   0.55945 -0.03890 -0.61666
   0.57930 -0.03568 -0.61071
   0.59930 -0.03248 -0.60493
   0.61928 -0.02911 -0.59939
   0.63935 -0.02587 -0.59398
   0.65975 -0.02274 -0.58865
   0.68020 -0.01953 -0.58349
   0.70065 -0.01647 -0.57846
   0.72152 -0.01357 -0.57345
   0.74243 -0.01069 -0.56858
   0.76324 -0.00805 -0.56384
   0.78439 -0.00555 -0.55913
   0.80516 -0.00325 -0.55460
   0.82594 -0.00127 -0.55016
   0.84671  0.00057 -0.54580
   0.86698  0.00204 -0.54162
   0.88721  0.00320 -0.53750
   0.90694  0.00401 -0.53354
   0.92614  0.00444 -0.52973
   0.94440  0.00445 -0.52613
   0.96148  0.00397 -0.52277
   0.97714  0.00293 -0.51970
   0.99136  0.00133 -0.51689
   1.00000  0.00000 -0.51528
