FX S 02-196 AIRFOIL                             
 Alfa =  19.00000 Re = 19899914.000 Xflap,Yflap =     0.000000    0.000000
#    x        y        Cp  
   1.00000  0.00000 -0.18647
   0.99142  0.00210 -0.18917
   0.97649  0.00570 -0.19427
   0.95908  0.00986 -0.20042
   0.93991  0.01455 -0.20740
   0.91968  0.01960 -0.21502
   0.89908  0.02483 -0.22307
   0.87834  0.03029 -0.23146
   0.85725  0.03594 -0.24034
   0.83612  0.04164 -0.24959
   0.81517  0.04736 -0.25914
   0.79429  0.05305 -0.26906
   0.77348  0.05870 -0.27935
   0.75286  0.06434 -0.28992
   0.73221  0.06983 -0.30092
   0.71145  0.07531 -0.31232
   0.69088  0.08070 -0.32390
   0.67021  0.08592 -0.33580
   0.64941  0.09111 -0.34787
   0.62895  0.09612 -0.35970
   0.60837  0.10088 -0.37155
   0.58748  0.10560 -0.38329
   0.56700  0.11009 -0.39433
   0.54662  0.11425 -0.40483
   0.52599  0.11825 -0.41384
   0.50601  0.12192 -0.41326
   0.48638  0.12506 -0.41995
   0.46627  0.12791 -0.53903
   0.44675  0.13046 -0.73840
   0.42825  0.13233 -0.95200
   0.40957  0.13352 -1.11743
   0.39068  0.13428 -1.29555
   0.37261  0.13447 -1.46653
   0.35460  0.13388 -1.51532
   0.33578  0.13287 -1.56807
   0.31755  0.13175 -1.75634
   0.30042  0.13009 -1.82413
   0.28324  0.12788 -1.77465
   0.26626  0.12578 -1.94240
   0.25043  0.12355 -2.15592
   0.23521  0.12061 -2.06567
   0.21997  0.11751 -2.03850
   0.20538  0.11476 -2.34798
   0.19185  0.11167 -2.49310
   0.17878  0.10795 -2.27256
   0.16589  0.10440 -2.30856
   0.15372  0.10129 -2.73147
   0.14250  0.09781 -2.85617
   0.13186  0.09381 -2.53784
   0.12151  0.09008 -2.52840
   0.11173  0.08693 -3.04321
   0.10283  0.08364 -3.41197
   0.09469  0.07984 -3.04975
   0.08693  0.07605 -2.74173
   0.07943  0.07285 -3.03750
   0.07246  0.07003 -3.77709
   0.06621  0.06699 -4.16806
   0.06059  0.06351 -3.59271
   0.05528  0.06003 -3.09932
   0.05003  0.05698 -3.17217
   0.04491  0.05441 -4.02211
   0.04020  0.05186 -5.09817
   0.03605  0.04894 -5.12612
   0.03234  0.04565 -4.15366
   0.02875  0.04235 -3.49978
   0.02506  0.03939 -3.58525
   0.02128  0.03678 -4.52807
   0.01769  0.03422 -5.84523
   0.01448  0.03142 -6.42088
   0.01162  0.02841 -6.40936
   0.00907  0.02533 -6.51613
   0.00682  0.02231 -7.02151
   0.00497  0.01934 -7.45149
   0.00353  0.01640 -7.29418
   0.00244  0.01347 -6.63075
   0.00158  0.01059 -6.11475
   0.00085  0.00783 -6.02375
   0.00026  0.00523 -7.19719
  -0.00007  0.00276 -7.63442
  -0.00004  0.00040 -8.00542
   0.00042 -0.00193 -7.33945
   0.00136 -0.00416 -5.77155
   0.00275 -0.00623 -3.70752
   0.00443 -0.00823 -2.40365
   0.00624 -0.01020 -1.95228
   0.00822 -0.01198 -1.57181
   0.01046 -0.01340 -0.85170
   0.01297 -0.01446 -0.05603
   0.01563 -0.01544  0.37168
   0.01827 -0.01667  0.52777
   0.02084 -0.01823  0.53882
   0.02342 -0.01992  0.54208
   0.02616 -0.02148  0.58079
   0.02920 -0.02266  0.71841
   0.03256 -0.02354  0.83341
   0.03617 -0.02436  0.90725
   0.03994 -0.02545  0.93779
   0.04383 -0.02693  0.95322
   0.04789 -0.02860  0.96696
   0.05227 -0.03014  0.98340
   0.05709 -0.03130  0.99570
   0.06240 -0.03226  0.99979
   0.06814 -0.03343  0.99929
   0.07423 -0.03510  0.99524
   0.08073 -0.03701  0.98531
   0.08780 -0.03864  0.97071
   0.09559 -0.03986  0.95905
   0.10407 -0.04118  0.94755
   0.11312 -0.04310  0.92425
   0.12270 -0.04516  0.88717
   0.13301 -0.04668  0.86633
   0.14415 -0.04796  0.85762
   0.15597 -0.04977  0.82584
   0.16825 -0.05179  0.77209
   0.18116 -0.05322  0.74874
   0.19491 -0.05440  0.74299
   0.20921 -0.05605  0.69537
   0.22374 -0.05760  0.63925
   0.23880 -0.05849  0.63094
   0.25462 -0.05936  0.61644
   0.27069 -0.06055  0.55329
   0.28688 -0.06130  0.51412
   0.30377 -0.06155  0.51474
   0.32118 -0.06194  0.47595
   0.33836 -0.06225  0.41336
   0.35573 -0.06193  0.40441
   0.37379 -0.06134  0.39521
   0.39152 -0.06082  0.33190
   0.40863 -0.05978  0.29878
   0.42633 -0.05794  0.32343
   0.44513 -0.05584  0.32158
   0.46381 -0.05368  0.29133
   0.48223 -0.05104  0.30452
   0.50120 -0.04807  0.32558
   0.52059 -0.04521  0.31001
   0.53995 -0.04220  0.30330
   0.55945 -0.03890  0.32275
   0.57930 -0.03568  0.32671
   0.59930 -0.03248  0.31212
   0.61928 -0.02911  0.32876
   0.63935 -0.02587  0.32985
   0.65975 -0.02274  0.31492
   0.68020 -0.01953  0.32560
   0.70065 -0.01647  0.32674
   0.72152 -0.01357  0.31494
   0.74243 -0.01069  0.32100
   0.76324 -0.00805  0.31427
   0.78439 -0.00555  0.30753
   0.80516 -0.00325  0.30942
   0.82594 -0.00127  0.29107
   0.84671  0.00057  0.29046
   0.86698  0.00204  0.27713
   0.88721  0.00320  0.26157
   0.90694  0.00401  0.24296
   0.92614  0.00444  0.21949
   0.94440  0.00445  0.18961
   0.96148  0.00397  0.14750
   0.97714  0.00293  0.06336
   0.99136  0.00133 -0.16029
   1.00000  0.00000 -0.18647
