FX S 02-196 AIRFOIL                             
 Alfa =  19.50000 Re = 19899914.000 Xflap,Yflap =     0.000000    0.000000
#    x        y        Cp  
   1.00000  0.00000 -0.19654
   0.99142  0.00210 -0.19919
   0.97649  0.00570 -0.20415
   0.95908  0.00986 -0.21012
   0.93991  0.01455 -0.21691
   0.91968  0.01960 -0.22430
   0.89908  0.02483 -0.23211
   0.87834  0.03029 -0.24026
   0.85725  0.03594 -0.24886
   0.83612  0.04164 -0.25784
   0.81517  0.04736 -0.26710
   0.79429  0.05305 -0.27671
   0.77348  0.05870 -0.28669
   0.75286  0.06434 -0.29694
   0.73221  0.06983 -0.30761
   0.71145  0.07531 -0.31870
   0.69088  0.08070 -0.32997
   0.67021  0.08592 -0.34157
   0.64941  0.09111 -0.35336
   0.62895  0.09612 -0.36495
   0.60837  0.10088 -0.37657
   0.58748  0.10560 -0.38809
   0.56700  0.11009 -0.39892
   0.54662  0.11425 -0.40935
   0.52599  0.11825 -0.41888
   0.50601  0.12192 -0.42442
   0.48638  0.12506 -0.40710
   0.46627  0.12791 -0.48680
   0.44675  0.13046 -0.66313
   0.42825  0.13233 -0.87500
   0.40957  0.13352 -1.05286
   0.39068  0.13428 -1.24014
   0.37261  0.13447 -1.41924
   0.35460  0.13388 -1.47837
   0.33578  0.13287 -1.53893
   0.31755  0.13175 -1.73098
   0.30042  0.13009 -1.80346
   0.28324  0.12788 -1.76171
   0.26626  0.12578 -1.93095
   0.25043  0.12355 -2.14656
   0.23521  0.12061 -2.06365
   0.21997  0.11751 -2.04084
   0.20538  0.11476 -2.35110
   0.19185  0.11167 -2.49941
   0.17878  0.10795 -2.28497
   0.16589  0.10440 -2.32318
   0.15372  0.10129 -2.75002
   0.14250  0.09781 -2.87773
   0.13186  0.09381 -2.56425
   0.12151  0.09008 -2.55925
   0.11173  0.08693 -3.07448
   0.10283  0.08364 -3.45190
   0.09469  0.07984 -3.09363
   0.08693  0.07605 -2.78371
   0.07943  0.07285 -3.08690
   0.07246  0.07003 -3.83671
   0.06621  0.06699 -4.23375
   0.06059  0.06351 -3.66040
   0.05528  0.06003 -3.16092
   0.05003  0.05698 -3.23843
   0.04491  0.05441 -4.10203
   0.04020  0.05186 -5.20119
   0.03605  0.04894 -5.23786
   0.03234  0.04565 -4.25094
   0.02875  0.04235 -3.59247
   0.02506  0.03939 -3.68768
   0.02128  0.03678 -4.65274
   0.01769  0.03422 -5.98650
   0.01448  0.03142 -6.60441
   0.01162  0.02841 -6.58987
   0.00907  0.02533 -6.71689
   0.00682  0.02231 -7.24497
   0.00497  0.01934 -7.71489
   0.00353  0.01640 -7.54760
   0.00244  0.01347 -6.88413
   0.00158  0.01059 -6.34952
   0.00085  0.00783 -6.29846
   0.00026  0.00523 -7.54324
  -0.00007  0.00276 -7.98423
  -0.00004  0.00040 -8.40326
   0.00042 -0.00193 -7.73705
   0.00136 -0.00416 -6.11032
   0.00275 -0.00623 -3.96836
   0.00443 -0.00823 -2.60181
   0.00624 -0.01020 -2.13605
   0.00822 -0.01198 -1.75352
   0.01046 -0.01340 -0.99155
   0.01297 -0.01446 -0.14109
   0.01563 -0.01544  0.31715
   0.01827 -0.01667  0.48228
   0.02084 -0.01823  0.49215
   0.02342 -0.01992  0.49276
   0.02616 -0.02148  0.52956
   0.02920 -0.02266  0.67794
   0.03256 -0.02354  0.80938
   0.03617 -0.02436  0.88872
   0.03994 -0.02545  0.92428
   0.04383 -0.02693  0.94141
   0.04789 -0.02860  0.95657
   0.05227 -0.03014  0.97539
   0.05709 -0.03130  0.99155
   0.06240 -0.03226  0.99863
   0.06814 -0.03343  0.99996
   0.07423 -0.03510  0.99777
   0.08073 -0.03701  0.99014
   0.08780 -0.03864  0.97754
   0.09559 -0.03986  0.96652
   0.10407 -0.04118  0.95569
   0.11312 -0.04310  0.93367
   0.12270 -0.04516  0.89908
   0.13301 -0.04668  0.87869
   0.14415 -0.04796  0.86916
   0.15597 -0.04977  0.83826
   0.16825 -0.05179  0.78678
   0.18116 -0.05322  0.76373
   0.19491 -0.05440  0.75604
   0.20921 -0.05605  0.71031
   0.22374 -0.05760  0.65490
   0.23880 -0.05849  0.64587
   0.25462 -0.05936  0.63076
   0.27069 -0.06055  0.56891
   0.28688 -0.06130  0.52926
   0.30377 -0.06155  0.52969
   0.32118 -0.06194  0.49041
   0.33836 -0.06225  0.42874
   0.35573 -0.06193  0.41911
   0.37379 -0.06134  0.40872
   0.39152 -0.06082  0.34640
   0.40863 -0.05978  0.31260
   0.42633 -0.05794  0.33633
   0.44513 -0.05584  0.33361
   0.46381 -0.05368  0.30299
   0.48223 -0.05104  0.31548
   0.50120 -0.04807  0.33552
   0.52059 -0.04521  0.31956
   0.53995 -0.04220  0.31234
   0.55945 -0.03890  0.33064
   0.57930 -0.03568  0.33403
   0.59930 -0.03248  0.31956
   0.61928 -0.02911  0.33548
   0.63935 -0.02587  0.33606
   0.65975 -0.02274  0.32072
   0.68020 -0.01953  0.33092
   0.70065 -0.01647  0.33153
   0.72152 -0.01357  0.31942
   0.74243 -0.01069  0.32498
   0.76324 -0.00805  0.31795
   0.78439 -0.00555  0.31084
   0.80516 -0.00325  0.31234
   0.82594 -0.00127  0.29364
   0.84671  0.00057  0.29270
   0.86698  0.00204  0.27906
   0.88721  0.00320  0.26318
   0.90694  0.00401  0.24433
   0.92614  0.00444  0.22062
   0.94440  0.00445  0.19067
   0.96148  0.00397  0.14867
   0.97714  0.00293  0.06489
   0.99136  0.00133 -0.15548
   1.00000  0.00000 -0.19654
