foil
    0.9999940     0.0470595     
    0.9979697     0.0471652     
    0.9959454     0.0472709     
    0.9939212     0.0473766     
    0.9918969     0.0474823     
    0.9898726     0.0475879     
    0.9878483     0.0476936     
    0.9858240     0.0477993     
    0.9837998     0.0479050     
    0.9817755     0.0480106     
    0.9797512     0.0481163     
    0.9777269     0.0482220     
    0.9757026     0.0483277     
    0.9736784     0.0484333     
    0.9716541     0.0485390     
    0.9696298     0.0486447     
    0.9676055     0.0487504     
    0.9655813     0.0488560     
    0.9635570     0.0489617     
    0.9615327     0.0490674     
    0.9595084     0.0491731     
    0.9574841     0.0492788     
    0.9554599     0.0493844     
    0.9534356     0.0494901     
    0.9514113     0.0495958     
    0.9493870     0.0497015     
    0.9473627     0.0498071     
    0.9453385     0.0499128     
    0.9433142     0.0500185     
    0.9412899     0.0501242     
    0.9392656     0.0502298     
    0.9372413     0.0503355     
    0.9352171     0.0504412     
    0.9331928     0.0505469     
    0.9311685     0.0506526     
    0.9291442     0.0507582     
    0.9271199     0.0508639     
    0.9250957     0.0509696     
    0.9230714     0.0510753     
    0.9210471     0.0511809     
    0.9190228     0.0512866     
    0.9169985     0.0513923     
    0.9149743     0.0514980     
    0.9129500     0.0516036     
    0.9109257     0.0517093     
    0.9089014     0.0518150     
    0.9068771     0.0519207     
    0.9048529     0.0520263     
    0.9028286     0.0521320     
    0.9008043     0.0522377     
    0.8987800     0.0523399     
    0.8967558     0.0524436     
    0.8947315     0.0525490     
    0.8927072     0.0526557     
    0.8906829     0.0527661     
    0.8886586     0.0528785     
    0.8866344     0.0529921     
    0.8846101     0.0531588     
    0.8825858     0.0533621     
    0.8805615     0.0535661     
    0.8785372     0.0537710     
    0.8765130     0.0539768     
    0.8744887     0.0541846     
    0.8724644     0.0543939     
    0.8704401     0.0546041     
    0.8684158     0.0547826     
    0.8663916     0.0549389     
    0.8643673     0.0550975     
    0.8623430     0.0552567     
    0.8603187     0.0554165     
    0.8582944     0.0555760     
    0.8562702     0.0557344     
    0.8542459     0.0558935     
    0.8522216     0.0560370     
    0.8501973     0.0561652     
    0.8481730     0.0563018     
    0.8461488     0.0564394     
    0.8441245     0.0565777     
    0.8421002     0.0567165     
    0.8400759     0.0568541     
    0.8380517     0.0569923     
    0.8360274     0.0571422     
    0.8340031     0.0573115     
    0.8319788     0.0574783     
    0.8299545     0.0576425     
    0.8279303     0.0578072     
    0.8259060     0.0579723     
    0.8238817     0.0581374     
    0.8218574     0.0583028     
    0.8198331     0.0584685     
    0.8178089     0.0586325     
    0.8157846     0.0587969     
    0.8137603     0.0589640     
    0.8117360     0.0591316     
    0.8097117     0.0592996     
    0.8076875     0.0594648     
    0.8056632     0.0596295     
    0.8036389     0.0597944     
    0.8016146     0.0599359     
    0.7995903     0.0600745     
    0.7975661     0.0602173     
    0.7955418     0.0603647     
    0.7935175     0.0605127     
    0.7914932     0.0606595     
    0.7894689     0.0608051     
    0.7874447     0.0609513     
    0.7854204     0.0611165     
    0.7833961     0.0612923     
    0.7813718     0.0614684     
    0.7793476     0.0616374     
    0.7773233     0.0618065     
    0.7752990     0.0619755     
    0.7732747     0.0621435     
    0.7712504     0.0623117     
    0.7692262     0.0624750     
    0.7672019     0.0626315     
    0.7651776     0.0627884     
    0.7631533     0.0629485     
    0.7611290     0.0631118     
    0.7591048     0.0632750     
    0.7570805     0.0634337     
    0.7550562     0.0635928     
    0.7530319     0.0637520     
    0.7510076     0.0639101     
    0.7489834     0.0640685     
    0.7469591     0.0642275     
    0.7449348     0.0643874     
    0.7429105     0.0645478     
    0.7408862     0.0647055     
    0.7388620     0.0648627     
    0.7368377     0.0650204     
    0.7348134     0.0651804     
    0.7327891     0.0653410     
    0.7307648     0.0655019     
    0.7287406     0.0656624     
    0.7267163     0.0658229     
    0.7246920     0.0659812     
    0.7226677     0.0661383     
    0.7206434     0.0662957     
    0.7186192     0.0664572     
    0.7165949     0.0666237     
    0.7145706     0.0667906     
    0.7125463     0.0669576     
    0.7105221     0.0671242     
    0.7084978     0.0672896     
    0.7064735     0.0674525     
    0.7044492     0.0676157     
    0.7024249     0.0677770     
    0.7004007     0.0679214     
    0.6983764     0.0680661     
    0.6963521     0.0682113     
    0.6943278     0.0683617     
    0.6923035     0.0685128     
    0.6902793     0.0686594     
    0.6882550     0.0688063     
    0.6862307     0.0689536     
    0.6842064     0.0691196     
    0.6821821     0.0692883     
    0.6801579     0.0694572     
    0.6781336     0.0696221     
    0.6761093     0.0697820     
    0.6740850     0.0699395     
    0.6720607     0.0700970     
    0.6700365     0.0702547     
    0.6680122     0.0704045     
    0.6659879     0.0705510     
    0.6639636     0.0706977     
    0.6619393     0.0708454     
    0.6599151     0.0710021     
    0.6578908     0.0711541     
    0.6558665     0.0713044     
    0.6538422     0.0714548     
    0.6518180     0.0716054     
    0.6497937     0.0717560     
    0.6477694     0.0719070     
    0.6457451     0.0720581     
    0.6437208     0.0722058     
    0.6416966     0.0723501     
    0.6396723     0.0724924     
    0.6376480     0.0726351     
    0.6356237     0.0727800     
    0.6335994     0.0729295     
    0.6315752     0.0730792     
    0.6295509     0.0732292     
    0.6275266     0.0733797     
    0.6255023     0.0735299     
    0.6234780     0.0736762     
    0.6214538     0.0738228     
    0.6194295     0.0739691     
    0.6174052     0.0741099     
    0.6153809     0.0742509     
    0.6133566     0.0743922     
    0.6113324     0.0745337     
    0.6093081     0.0746763     
    0.6072838     0.0748132     
    0.6052595     0.0749504     
    0.6032352     0.0750878     
    0.6012110     0.0752275     
    0.5991867     0.0753678     
    0.5971624     0.0755082     
    0.5951381     0.0756488     
    0.5931139     0.0757883     
    0.5910896     0.0759230     
    0.5890653     0.0760569     
    0.5870410     0.0761909     
    0.5850167     0.0763263     
    0.5829925     0.0764632     
    0.5809682     0.0766001     
    0.5789439     0.0767373     
    0.5769196     0.0768749     
    0.5748953     0.0770093     
    0.5728711     0.0771415     
    0.5708468     0.0772738     
    0.5688225     0.0774055     
    0.5667982     0.0775309     
    0.5647739     0.0776565     
    0.5627497     0.0777823     
    0.5607254     0.0779084     
    0.5587011     0.0780341     
    0.5566768     0.0781560     
    0.5546525     0.0782780     
    0.5526283     0.0784003     
    0.5506040     0.0785276     
    0.5485797     0.0786565     
    0.5465554     0.0787854     
    0.5445311     0.0789144     
    0.5425069     0.0790388     
    0.5404826     0.0791571     
    0.5384583     0.0792754     
    0.5364340     0.0793941     
    0.5344097     0.0795127     
    0.5323855     0.0796315     
    0.5303612     0.0797505     
    0.5283369     0.0798696     
    0.5263126     0.0799908     
    0.5242884     0.0801069     
    0.5222641     0.0802233     
    0.5202398     0.0803398     
    0.5182155     0.0804546     
    0.5161912     0.0805659     
    0.5141670     0.0806774     
    0.5121427     0.0807891     
    0.5101184     0.0809006     
    0.5080941     0.0810049     
    0.5060698     0.0811081     
    0.5040456     0.0812117     
    0.5020213     0.0813159     
    0.4999970     0.0814248     
    0.4979727     0.0815339     
    0.4959484     0.0816430     
    0.4939242     0.0817522     
    0.4918999     0.0818557     
    0.4898756     0.0819566     
    0.4878513     0.0820576     
    0.4858270     0.0821590     
    0.4838028     0.0822576     
    0.4817785     0.0823563     
    0.4797542     0.0824549     
    0.4777299     0.0825539     
    0.4757056     0.0826499     
    0.4736814     0.0827423     
    0.4716571     0.0828349     
    0.4696328     0.0829276     
    0.4676085     0.0830210     
    0.4655843     0.0831149     
    0.4635600     0.0832089     
    0.4615357     0.0833030     
    0.4595114     0.0833931     
    0.4574871     0.0834769     
    0.4554629     0.0835609     
    0.4534386     0.0836451     
    0.4514143     0.0837291     
    0.4493900     0.0838129     
    0.4473657     0.0838969     
    0.4453415     0.0839809     
    0.4433172     0.0840636     
    0.4412929     0.0841401     
    0.4392686     0.0842170     
    0.4372443     0.0842938     
    0.4352201     0.0843711     
    0.4331958     0.0844491     
    0.4311715     0.0845272     
    0.4291472     0.0846055     
    0.4271229     0.0846826     
    0.4250987     0.0847497     
    0.4230744     0.0848168     
    0.4210501     0.0848841     
    0.4190258     0.0849513     
    0.4170015     0.0850169     
    0.4149773     0.0850824     
    0.4129530     0.0851482     
    0.4109287     0.0852146     
    0.4089044     0.0852730     
    0.4068801     0.0853314     
    0.4048559     0.0853899     
    0.4028316     0.0854485     
    0.4008073     0.0855081     
    0.3987830     0.0855678     
    0.3967588     0.0856277     
    0.3947345     0.0856870     
    0.3927102     0.0857345     
    0.3906859     0.0857808     
    0.3886616     0.0858273     
    0.3866374     0.0858740     
    0.3846131     0.0859217     
    0.3825888     0.0859696     
    0.3805645     0.0860175     
    0.3785402     0.0860657     
    0.3765160     0.0861069     
    0.3744917     0.0861459     
    0.3724674     0.0861848     
    0.3704431     0.0862239     
    0.3684188     0.0862597     
    0.3663946     0.0862955     
    0.3643703     0.0863315     
    0.3623460     0.0863676     
    0.3603217     0.0863941     
    0.3582974     0.0864178     
    0.3562732     0.0864416     
    0.3542489     0.0864655     
    0.3522246     0.0864922     
    0.3502003     0.0865192     
    0.3481760     0.0865462     
    0.3461518     0.0865734     
    0.3441275     0.0865901     
    0.3421032     0.0866033     
    0.3400789     0.0866167     
    0.3380547     0.0866301     
    0.3360304     0.0866420     
    0.3340061     0.0866536     
    0.3319818     0.0866654     
    0.3299575     0.0866773     
    0.3279333     0.0866812     
    0.3259090     0.0866810     
    0.3238847     0.0866810     
    0.3218604     0.0866810     
    0.3198361     0.0866809     
    0.3178119     0.0866809     
    0.3157876     0.0866810     
    0.3137633     0.0866812     
    0.3117390     0.0866696     
    0.3097147     0.0866539     
    0.3076905     0.0866382     
    0.3056662     0.0866227     
    0.3036419     0.0866073     
    0.3016176     0.0865920     
    0.2995933     0.0865769     
    0.2975691     0.0865618     
    0.2955448     0.0865356     
    0.2935205     0.0865055     
    0.2914962     0.0864754     
    0.2894719     0.0864454     
    0.2874477     0.0864149     
    0.2854234     0.0863845     
    0.2833991     0.0863541     
    0.2813748     0.0863235     
    0.2793506     0.0862785     
    0.2773263     0.0862309     
    0.2753020     0.0861833     
    0.2732777     0.0861355     
    0.2712534     0.0860869     
    0.2692292     0.0860384     
    0.2672049     0.0859899     
    0.2651806     0.0859419     
    0.2631563     0.0858775     
    0.2611320     0.0858120     
    0.2591078     0.0857465     
    0.2570835     0.0856810     
    0.2550592     0.0856154     
    0.2530349     0.0855500     
    0.2510106     0.0854843     
    0.2489864     0.0854148     
    0.2469621     0.0853283     
    0.2449378     0.0852418     
    0.2429135     0.0851553     
    0.2408892     0.0850675     
    0.2388650     0.0849800     
    0.2368407     0.0848924     
    0.2348164     0.0848049     
    0.2327921     0.0847105     
    0.2307678     0.0846017     
    0.2287436     0.0844931     
    0.2267193     0.0843844     
    0.2246950     0.0842758     
    0.2226707     0.0841672     
    0.2206464     0.0840578     
    0.2186222     0.0839466     
    0.2165979     0.0838212     
    0.2145736     0.0836866     
    0.2125493     0.0835519     
    0.2105251     0.0834158     
    0.2085008     0.0832798     
    0.2064765     0.0831437     
    0.2044522     0.0830080     
    0.2024279     0.0828712     
    0.2004037     0.0827070     
    0.1983794     0.0825427     
    0.1963551     0.0823786     
    0.1943308     0.0822145     
    0.1923065     0.0820503     
    0.1902823     0.0818847     
    0.1882580     0.0817192     
    0.1862337     0.0815339     
    0.1842094     0.0813361     
    0.1821851     0.0811375     
    0.1801609     0.0809392     
    0.1781366     0.0807408     
    0.1761123     0.0805423     
    0.1740880     0.0803439     
    0.1720637     0.0801287     
    0.1700395     0.0798918     
    0.1680152     0.0796551     
    0.1659909     0.0794184     
    0.1639666     0.0791819     
    0.1619423     0.0789456     
    0.1599181     0.0787091     
    0.1578938     0.0784510     
    0.1558695     0.0781691     
    0.1538452     0.0778872     
    0.1518210     0.0776056     
    0.1497967     0.0773249     
    0.1477724     0.0770439     
    0.1457481     0.0767626     
    0.1437238     0.0764433     
    0.1416996     0.0761126     
    0.1396753     0.0757823     
    0.1376510     0.0754534     
    0.1356267     0.0751237     
    0.1336024     0.0747933     
    0.1315782     0.0744467     
    0.1295539     0.0740602     
    0.1275296     0.0736734     
    0.1255053     0.0732861     
    0.1234810     0.0728978     
    0.1214568     0.0725100     
    0.1194325     0.0721212     
    0.1174082     0.0716741     
    0.1153839     0.0712256     
    0.1133596     0.0707758     
    0.1113354     0.0703247     
    0.1093111     0.0698704     
    0.1072868     0.0694061     
    0.1052625     0.0688914     
    0.1032382     0.0683752     
    0.1012140     0.0678574     
    0.0991897     0.0673396     
    0.0971654     0.0668212     
    0.0951411     0.0662676     
    0.0931169     0.0656716     
    0.0910926     0.0650741     
    0.0890683     0.0644824     
    0.0870440     0.0638898     
    0.0850197     0.0632891     
    0.0829955     0.0626114     
    0.0809712     0.0619273     
    0.0789469     0.0612403     
    0.0769226     0.0605525     
    0.0748983     0.0598607     
    0.0728741     0.0590892     
    0.0708498     0.0583228     
    0.0688255     0.0575521     
    0.0668012     0.0567785     
    0.0647769     0.0559766     
    0.0627527     0.0551175     
    0.0607284     0.0542562     
    0.0587041     0.0533911     
    0.0566798     0.0525206     
    0.0546555     0.0515603     
    0.0526313     0.0505954     
    0.0506070     0.0496321     
    0.0485827     0.0486568     
    0.0465584     0.0475856     
    0.0445341     0.0465092     
    0.0425099     0.0454339     
    0.0404856     0.0442902     
    0.0384613     0.0431006     
    0.0364370     0.0419132     
    0.0344127     0.0406607     
    0.0323885     0.0393542     
    0.0303642     0.0380455     
    0.0283399     0.0366324     
    0.0263156     0.0351990     
    0.0242914     0.0336930     
    0.0222671     0.0321249     
    0.0202428     0.0304849     
    0.0182185     0.0287729     
    0.0161942     0.0269447     
    0.0141700     0.0250177     
    0.0121457     0.0229487     
    0.0101214     0.0207165     
    0.0080971     0.0182705     
    0.0060728     0.0155411     
    0.0040486     0.0123695     
    0.0020243     0.0084487     
    0.0000000     0.0004330     
    0.0020243     -0.0072047    
    0.0040486     -0.0100853    
    0.0060728     -0.0121509    
    0.0080971     -0.0138171    
    0.0101214     -0.0152297    
    0.0121457     -0.0164590    
    0.0141700     -0.0175556    
    0.0161942     -0.0185461    
    0.0182185     -0.0194328    
    0.0202428     -0.0202863    
    0.0222671     -0.0210677    
    0.0242914     -0.0217932    
    0.0263156     -0.0224766    
    0.0283399     -0.0231274    
    0.0303642     -0.0237341    
    0.0323885     -0.0243376    
    0.0344127     -0.0248796    
    0.0364370     -0.0254185    
    0.0384613     -0.0259520    
    0.0404856     -0.0264358    
    0.0425099     -0.0269147    
    0.0445341     -0.0273934    
    0.0465584     -0.0278409    
    0.0485827     -0.0282683    
    0.0506070     -0.0286943    
    0.0526313     -0.0291204    
    0.0546555     -0.0295222    
    0.0566798     -0.0299037    
    0.0587041     -0.0302837    
    0.0607284     -0.0306636    
    0.0627527     -0.0310436    
    0.0647769     -0.0314014    
    0.0668012     -0.0317454    
    0.0688255     -0.0320883    
    0.0708498     -0.0324310    
    0.0728741     -0.0327736    
    0.0748983     -0.0331154    
    0.0769226     -0.0334320    
    0.0789469     -0.0337450    
    0.0809712     -0.0340578    
    0.0829955     -0.0343702    
    0.0850197     -0.0346823    
    0.0870440     -0.0349943    
    0.0890683     -0.0352974    
    0.0910926     -0.0355861    
    0.0931169     -0.0358737    
    0.0951411     -0.0361609    
    0.0971654     -0.0364479    
    0.0991897     -0.0367343    
    0.1012140     -0.0370206    
    0.1032382     -0.0373028    
    0.1052625     -0.0375719    
    0.1072868     -0.0378393    
    0.1093111     -0.0381064    
    0.1113354     -0.0383731    
    0.1133596     -0.0386394    
    0.1153839     -0.0389054    
    0.1174082     -0.0391704    
    0.1194325     -0.0394302    
    0.1214568     -0.0396811    
    0.1234810     -0.0399317    
    0.1255053     -0.0401818    
    0.1275296     -0.0404317    
    0.1295539     -0.0406813    
    0.1315782     -0.0409307    
    0.1336024     -0.0411784    
    0.1356267     -0.0414210    
    0.1376510     -0.0416561    
    0.1396753     -0.0418908    
    0.1416996     -0.0421253    
    0.1437238     -0.0423597    
    0.1457481     -0.0425938    
    0.1477724     -0.0428278    
    0.1497967     -0.0430612    
    0.1518210     -0.0432913    
    0.1538452     -0.0435118    
    0.1558695     -0.0437321    
    0.1578938     -0.0439521    
    0.1599181     -0.0441720    
    0.1619423     -0.0443917    
    0.1639666     -0.0446114    
    0.1659909     -0.0448303    
    0.1680152     -0.0450451    
    0.1700395     -0.0452506    
    0.1720637     -0.0454560    
    0.1740880     -0.0456613    
    0.1761123     -0.0458665    
    0.1781366     -0.0460716    
    0.1801609     -0.0462765    
    0.1821851     -0.0464815    
    0.1842094     -0.0466818    
    0.1862337     -0.0468721    
    0.1882580     -0.0470621    
    0.1902823     -0.0472523    
    0.1923065     -0.0474421    
    0.1943308     -0.0476319    
    0.1963551     -0.0478215    
    0.1983794     -0.0480114    
    0.2004037     -0.0481940    
    0.2024279     -0.0483685    
    0.2044522     -0.0485428    
    0.2064765     -0.0487170    
    0.2085008     -0.0488910    
    0.2105251     -0.0490648    
    0.2125493     -0.0492386    
    0.2145736     -0.0494143    
    0.2165979     -0.0495790    
    0.2186222     -0.0497386    
    0.2206464     -0.0498982    
    0.2226707     -0.0500574    
    0.2246950     -0.0502165    
    0.2267193     -0.0503754    
    0.2287436     -0.0505342    
    0.2307678     -0.0506928    
    0.2327921     -0.0508377    
    0.2348164     -0.0509810    
    0.2368407     -0.0511241    
    0.2388650     -0.0512671    
    0.2408892     -0.0514100    
    0.2429135     -0.0515525    
    0.2449378     -0.0516951    
    0.2469621     -0.0518382    
    0.2489864     -0.0519664    
    0.2510106     -0.0520944    
    0.2530349     -0.0522221    
    0.2550592     -0.0523498    
    0.2570835     -0.0524773    
    0.2591078     -0.0526046    
    0.2611320     -0.0527319    
    0.2631563     -0.0528563    
    0.2651806     -0.0529687    
    0.2672049     -0.0530811    
    0.2692292     -0.0531934    
    0.2712534     -0.0533053    
    0.2732777     -0.0534172    
    0.2753020     -0.0535290    
    0.2773263     -0.0536413    
    0.2793506     -0.0537502    
    0.2813748     -0.0538492    
    0.2833991     -0.0539479    
    0.2854234     -0.0540465    
    0.2874477     -0.0541449    
    0.2894719     -0.0542433    
    0.2914962     -0.0543415    
    0.2935205     -0.0544392    
    0.2955448     -0.0545311    
    0.2975691     -0.0546147    
    0.2995933     -0.0546982    
    0.3016176     -0.0547817    
    0.3036419     -0.0548650    
    0.3056662     -0.0549482    
    0.3076905     -0.0550314    
    0.3097147     -0.0551150    
    0.3117390     -0.0551943    
    0.3137633     -0.0552661    
    0.3157876     -0.0553380    
    0.3178119     -0.0554096    
    0.3198361     -0.0554812    
    0.3218604     -0.0555527    
    0.3238847     -0.0556241    
    0.3259090     -0.0556954    
    0.3279333     -0.0557606    
    0.3299575     -0.0558195    
    0.3319818     -0.0558782    
    0.3340061     -0.0559368    
    0.3360304     -0.0559953    
    0.3380547     -0.0560539    
    0.3400789     -0.0561122    
    0.3421032     -0.0561705    
    0.3441275     -0.0562234    
    0.3461518     -0.0562697    
    0.3481760     -0.0563161    
    0.3502003     -0.0563624    
    0.3522246     -0.0564085    
    0.3542489     -0.0564547    
    0.3562732     -0.0565008    
    0.3582974     -0.0565468    
    0.3603217     -0.0565910    
    0.3623460     -0.0566283    
    0.3643703     -0.0566657    
    0.3663946     -0.0567029    
    0.3684188     -0.0567401    
    0.3704431     -0.0567773    
    0.3724674     -0.0568145    
    0.3744917     -0.0568516    
    0.3765160     -0.0568826    
    0.3785402     -0.0569065    
    0.3805645     -0.0569305    
    0.3825888     -0.0569544    
    0.3846131     -0.0569781    
    0.3866374     -0.0570020    
    0.3886616     -0.0570257    
    0.3906859     -0.0570495    
    0.3927102     -0.0570722    
    0.3947345     -0.0570884    
    0.3967588     -0.0571045    
    0.3987830     -0.0571205    
    0.4008073     -0.0571366    
    0.4028316     -0.0571527    
    0.4048559     -0.0571687    
    0.4068801     -0.0571847    
    0.4089044     -0.0571992    
    0.4109287     -0.0572059    
    0.4129530     -0.0572127    
    0.4149773     -0.0572193    
    0.4170015     -0.0572260    
    0.4190258     -0.0572327    
    0.4210501     -0.0572393    
    0.4230744     -0.0572460    
    0.4250987     -0.0572518    
    0.4271229     -0.0572476    
    0.4291472     -0.0572435    
    0.4311715     -0.0572392    
    0.4331958     -0.0572351    
    0.4352201     -0.0572308    
    0.4372443     -0.0572267    
    0.4392686     -0.0572224    
    0.4412929     -0.0572186    
    0.4433172     -0.0572105    
    0.4453415     -0.0572013    
    0.4473657     -0.0571922    
    0.4493900     -0.0571830    
    0.4514143     -0.0571739    
    0.4534386     -0.0571648    
    0.4554629     -0.0571557    
    0.4574871     -0.0571466    
    0.4595114     -0.0571279    
    0.4615357     -0.0571067    
    0.4635600     -0.0570855    
    0.4655843     -0.0570643    
    0.4676085     -0.0570432    
    0.4696328     -0.0570220    
    0.4716571     -0.0570008    
    0.4736814     -0.0569796    
    0.4757056     -0.0569575    
    0.4777299     -0.0569341    
    0.4797542     -0.0569107    
    0.4817785     -0.0568872    
    0.4838028     -0.0568638    
    0.4858270     -0.0568406    
    0.4878513     -0.0568173    
    0.4898756     -0.0567940    
    0.4918999     -0.0567656    
    0.4939242     -0.0567276    
    0.4959484     -0.0566894    
    0.4979727     -0.0566513    
    0.4999970     -0.0566132    
    0.5020213     -0.0565752    
    0.5040456     -0.0565371    
    0.5060698     -0.0564990    
    0.5080941     -0.0564597    
    0.5101184     -0.0564248    
    0.5121427     -0.0563903    
    0.5141670     -0.0563558    
    0.5161912     -0.0563213    
    0.5182155     -0.0562870    
    0.5202398     -0.0562527    
    0.5222641     -0.0562185    
    0.5242884     -0.0561844    
    0.5263126     -0.0561351    
    0.5283369     -0.0560827    
    0.5303612     -0.0560305    
    0.5323855     -0.0559782    
    0.5344097     -0.0559260    
    0.5364340     -0.0558739    
    0.5384583     -0.0558217    
    0.5404826     -0.0557696    
    0.5425069     -0.0557175    
    0.5445311     -0.0556691    
    0.5465554     -0.0556209    
    0.5485797     -0.0555727    
    0.5506040     -0.0555246    
    0.5526283     -0.0554766    
    0.5546525     -0.0554286    
    0.5566768     -0.0553807    
    0.5587011     -0.0553286    
    0.5607254     -0.0552685    
    0.5627497     -0.0552087    
    0.5647739     -0.0551489    
    0.5667982     -0.0550891    
    0.5688225     -0.0550295    
    0.5708468     -0.0549699    
    0.5728711     -0.0549102    
    0.5748953     -0.0548488    
    0.5769196     -0.0547853    
    0.5789439     -0.0547227    
    0.5809682     -0.0546602    
    0.5829925     -0.0545978    
    0.5850167     -0.0545354    
    0.5870410     -0.0544731    
    0.5890653     -0.0544109    
    0.5910896     -0.0543482    
    0.5931139     -0.0542794    
    0.5951381     -0.0542092    
    0.5971624     -0.0541392    
    0.5991867     -0.0540692    
    0.6012110     -0.0539993    
    0.6032352     -0.0539293    
    0.6052595     -0.0538595    
    0.6072838     -0.0537898    
    0.6093081     -0.0537157    
    0.6113324     -0.0536460    
    0.6133566     -0.0535766    
    0.6153809     -0.0535072    
    0.6174052     -0.0534380    
    0.6194295     -0.0533688    
    0.6214538     -0.0532998    
    0.6234780     -0.0532309    
    0.6255023     -0.0531585    
    0.6275266     -0.0530799    
    0.6295509     -0.0529983    
    0.6315752     -0.0529168    
    0.6335994     -0.0528353    
    0.6356237     -0.0527539    
    0.6376480     -0.0526726    
    0.6396723     -0.0525912    
    0.6416966     -0.0525084    
    0.6437208     -0.0524234    
    0.6457451     -0.0523461    
    0.6477694     -0.0522688    
    0.6497937     -0.0521916    
    0.6518180     -0.0521145    
    0.6538422     -0.0520376    
    0.6558665     -0.0519607    
    0.6578908     -0.0518835    
    0.6599151     -0.0518020    
    0.6619393     -0.0517170    
    0.6639636     -0.0516306    
    0.6659879     -0.0515443    
    0.6680122     -0.0514580    
    0.6700365     -0.0513718    
    0.6720607     -0.0512857    
    0.6740850     -0.0511998    
    0.6761093     -0.0511095    
    0.6781336     -0.0510190    
    0.6801579     -0.0509305    
    0.6821821     -0.0508422    
    0.6842064     -0.0507540    
    0.6862307     -0.0506659    
    0.6882550     -0.0505779    
    0.6902793     -0.0504901    
    0.6923035     -0.0503997    
    0.6943278     -0.0503079    
    0.6963521     -0.0502158    
    0.6983764     -0.0501239    
    0.7004007     -0.0500320    
    0.7024249     -0.0499402    
    0.7044492     -0.0498486    
    0.7064735     -0.0497569    
    0.7084978     -0.0496642    
    0.7105221     -0.0495686    
    0.7125463     -0.0494740    
    0.7145706     -0.0493811    
    0.7165949     -0.0492883    
    0.7186192     -0.0491957    
    0.7206434     -0.0491033    
    0.7226677     -0.0490109    
    0.7246920     -0.0489185    
    0.7267163     -0.0488225    
    0.7287406     -0.0487268    
    0.7307648     -0.0486324    
    0.7327891     -0.0485385    
    0.7348134     -0.0484449    
    0.7368377     -0.0483515    
    0.7388620     -0.0482582    
    0.7408862     -0.0481650    
    0.7429105     -0.0480677    
    0.7449348     -0.0479695    
    0.7469591     -0.0478682    
    0.7489834     -0.0477638    
    0.7510076     -0.0476597    
    0.7530319     -0.0475556    
    0.7550562     -0.0474516    
    0.7570805     -0.0473479    
    0.7591048     -0.0472428    
    0.7611290     -0.0471369    
    0.7631533     -0.0470317    
    0.7651776     -0.0469414    
    0.7672019     -0.0468509    
    0.7692262     -0.0467605    
    0.7712504     -0.0466705    
    0.7732747     -0.0465807    
    0.7752990     -0.0464900    
    0.7773233     -0.0463963    
    0.7793476     -0.0463028    
    0.7813718     -0.0461997    
    0.7833961     -0.0460926    
    0.7854204     -0.0459857    
    0.7874447     -0.0458789    
    0.7894689     -0.0457723    
    0.7914932     -0.0456659    
    0.7935175     -0.0455561    
    0.7955418     -0.0454466    
    0.7975661     -0.0453397    
    0.7995903     -0.0452431    
    0.8016146     -0.0451466    
    0.8036389     -0.0450505    
    0.8056632     -0.0449546    
    0.8076875     -0.0448590    
    0.8097117     -0.0447616    
    0.8117360     -0.0446640    
    0.8137603     -0.0445666    
    0.8157846     -0.0444660    
    0.8178089     -0.0443651    
    0.8198331     -0.0442646    
    0.8218574     -0.0441641    
    0.8238817     -0.0440640    
    0.8259060     -0.0439626    
    0.8279303     -0.0438597    
    0.8299545     -0.0437568    
    0.8319788     -0.0436548    
    0.8340031     -0.0435554    
    0.8360274     -0.0434567    
    0.8380517     -0.0433584    
    0.8400759     -0.0432602    
    0.8421002     -0.0431620    
    0.8441245     -0.0430628    
    0.8461488     -0.0429636    
    0.8481730     -0.0428650    
    0.8501973     -0.0427636    
    0.8522216     -0.0426623    
    0.8542459     -0.0425613    
    0.8562702     -0.0424607    
    0.8582944     -0.0423604    
    0.8603187     -0.0422578    
    0.8623430     -0.0421559    
    0.8643673     -0.0420542    
    0.8663916     -0.0419530    
    0.8684158     -0.0418524    
    0.8704401     -0.0417518    
    0.8724644     -0.0416516    
    0.8744887     -0.0415519    
    0.8765130     -0.0414530    
    0.8785372     -0.0413545    
    0.8805615     -0.0412565    
    0.8825858     -0.0411590    
    0.8846101     -0.0410626    
    0.8866344     -0.0409649    
    0.8886586     -0.0408675    
    0.8906829     -0.0407709    
    0.8927072     -0.0406735    
    0.8947315     -0.0405758    
    0.8967558     -0.0404787    
    0.8987800     -0.0403821    
    0.9008043     -0.0402866    
    0.9028286     -0.0401898    
    0.9048529     -0.0400929    
    0.9068771     -0.0399961    
    0.9089014     -0.0398992    
    0.9109257     -0.0398024    
    0.9129500     -0.0397055    
    0.9149743     -0.0396087    
    0.9169985     -0.0395118    
    0.9190228     -0.0394150    
    0.9210471     -0.0393181    
    0.9230714     -0.0392213    
    0.9250957     -0.0391244    
    0.9271199     -0.0390276    
    0.9291442     -0.0389307    
    0.9311685     -0.0388339    
    0.9331928     -0.0387370    
    0.9352171     -0.0386402    
    0.9372413     -0.0385433    
    0.9392656     -0.0384465    
    0.9412899     -0.0383496    
    0.9433142     -0.0382528    
    0.9453385     -0.0381559    
    0.9473627     -0.0380591    
    0.9493870     -0.0379622    
    0.9514113     -0.0378654    
    0.9534356     -0.0377685    
    0.9554599     -0.0376717    
    0.9574841     -0.0375748    
    0.9595084     -0.0374779    
    0.9615327     -0.0373811    
    0.9635570     -0.0372842    
    0.9655813     -0.0371874    
    0.9676055     -0.0370905    
    0.9696298     -0.0369937    
    0.9716541     -0.0368968    
    0.9736784     -0.0368000    
    0.9757026     -0.0367031    
    0.9777269     -0.0366063    
    0.9797512     -0.0365094    
    0.9817755     -0.0364126    
    0.9837998     -0.0363157    
    0.9858240     -0.0362189    
    0.9878483     -0.0361220    
    0.9898726     -0.0360252    
    0.9918969     -0.0359283    
    0.9939212     -0.0358315    
    0.9959454     -0.0357346    
    0.9979697     -0.0356378    
    0.9999940     -0.0355409    
