NACA 23014                                      
 Alfa =  -5.50000 Re = 19899914.000 Xflap,Yflap =     0.000000    0.000000
#    x        y        Cp  
   1.00000  0.00147  0.24597
   0.99344  0.00269  0.22833
   0.98225  0.00474  0.18966
   0.96940  0.00706  0.15952
   0.95501  0.00963  0.13369
   0.93935  0.01238  0.11169
   0.92280  0.01524  0.09254
   0.90566  0.01815  0.07562
   0.88818  0.02107  0.06110
   0.87048  0.02397  0.04813
   0.85267  0.02683  0.03630
   0.83478  0.02966  0.02561
   0.81686  0.03245  0.01573
   0.79890  0.03519  0.00675
   0.78093  0.03788 -0.00192
   0.76295  0.04052 -0.00975
   0.74497  0.04311 -0.01763
   0.72698  0.04565 -0.02455
   0.70899  0.04815 -0.03187
   0.69100  0.05058 -0.03821
   0.67302  0.05297 -0.04493
   0.65505  0.05530 -0.05115
   0.63709  0.05757 -0.05711
   0.61914  0.05978 -0.06312
   0.60121  0.06193 -0.06875
   0.58329  0.06402 -0.07443
   0.56540  0.06603 -0.07975
   0.54753  0.06798 -0.08493
   0.52969  0.06985 -0.08967
   0.51188  0.07165 -0.09427
   0.49411  0.07337 -0.09741
   0.47637  0.07499 -0.10000
   0.45867  0.07653 -0.10241
   0.44102  0.07798 -0.11838
   0.42343  0.07932 -0.12027
   0.40588  0.08056 -0.12328
   0.38840  0.08169 -0.12644
   0.37099  0.08270 -0.12952
   0.35365  0.08358 -0.13183
   0.33640  0.08434 -0.13391
   0.31924  0.08496 -0.13531
   0.30219  0.08543 -0.13602
   0.28526  0.08575 -0.13592
   0.26848  0.08590 -0.13545
   0.25187  0.08589 -0.13366
   0.23548  0.08570 -0.13147
   0.21938  0.08532 -0.12894
   0.20365  0.08476 -0.12687
   0.18842  0.08401 -0.12818
   0.17378  0.08304 -0.12732
   0.15978  0.08181 -0.12169
   0.14641  0.08031 -0.10878
   0.13370  0.07852 -0.08743
   0.12162  0.07644 -0.05709
   0.11019  0.07410 -0.01717
   0.09942  0.07149  0.03251
   0.08933  0.06867  0.09013
   0.07993  0.06566  0.15605
   0.07123  0.06250  0.22802
   0.06323  0.05925  0.30405
   0.05592  0.05595  0.38268
   0.04928  0.05265  0.46262
   0.04328  0.04937  0.54112
   0.03788  0.04615  0.61691
   0.03302  0.04300  0.68985
   0.02866  0.03994  0.75789
   0.02475  0.03697  0.82021
   0.02125  0.03409  0.87495
   0.01811  0.03130  0.92243
   0.01530  0.02860  0.96017
   0.01279  0.02598  0.98626
   0.01055  0.02344  0.99928
   0.00856  0.02096  0.99570
   0.00681  0.01854  0.97216
   0.00527  0.01618  0.92363
   0.00394  0.01387  0.84755
   0.00281  0.01160  0.73336
   0.00187  0.00938  0.57702
   0.00112  0.00720  0.37592
   0.00057  0.00507  0.11604
   0.00020  0.00298 -0.19354
   0.00002  0.00095 -0.55280
   0.00002 -0.00103 -0.96837
   0.00023 -0.00303 -1.43408
   0.00065 -0.00505 -1.94233
   0.00133 -0.00706 -2.41474
   0.00228 -0.00903 -2.80942
   0.00350 -0.01093 -3.07391
   0.00499 -0.01275 -3.20783
   0.00673 -0.01447 -3.21172
   0.00873 -0.01609 -3.13050
   0.01098 -0.01762 -2.99714
   0.01347 -0.01907 -2.83538
   0.01622 -0.02044 -2.69183
   0.01925 -0.02175 -2.42685
   0.02259 -0.02302 -2.23303
   0.02627 -0.02425 -2.06625
   0.03035 -0.02546 -1.91078
   0.03490 -0.02666 -1.75524
   0.04001 -0.02787 -1.61167
   0.04578 -0.02910 -1.47565
   0.05237 -0.03037 -1.35030
   0.05994 -0.03170 -1.23325
   0.06870 -0.03312 -1.12825
   0.07883 -0.03465 -1.03543
   0.09047 -0.03631 -0.95571
   0.10366 -0.03811 -0.89173
   0.11821 -0.04002 -0.84389
   0.13378 -0.04200 -0.81157
   0.14998 -0.04397 -0.79215
   0.16645 -0.04587 -0.78275
   0.18298 -0.04764 -0.77847
   0.19946 -0.04922 -0.77437
   0.21591 -0.05059 -0.76137
   0.23243 -0.05174 -0.74274
   0.24904 -0.05270 -0.72163
   0.26576 -0.05348 -0.70066
   0.28260 -0.05410 -0.67759
   0.29956 -0.05455 -0.65524
   0.31663 -0.05486 -0.63252
   0.33380 -0.05502 -0.60975
   0.35106 -0.05504 -0.58755
   0.36841 -0.05494 -0.56541
   0.38583 -0.05472 -0.54356
   0.40333 -0.05438 -0.52208
   0.42090 -0.05393 -0.50064
   0.43852 -0.05338 -0.48021
   0.45620 -0.05272 -0.45936
   0.47394 -0.05198 -0.43945
   0.49171 -0.05114 -0.41964
   0.50953 -0.05022 -0.40023
   0.52739 -0.04922 -0.38098
   0.54529 -0.04814 -0.36206
   0.56321 -0.04698 -0.34351
   0.58116 -0.04576 -0.32525
   0.59914 -0.04447 -0.30707
   0.61714 -0.04311 -0.28894
   0.63516 -0.04169 -0.27131
   0.65320 -0.04022 -0.25346
   0.67124 -0.03868 -0.23592
   0.68930 -0.03709 -0.21824
   0.70737 -0.03544 -0.20039
   0.72544 -0.03374 -0.18273
   0.74352 -0.03199 -0.16446
   0.76159 -0.03019 -0.14628
   0.77966 -0.02833 -0.12746
   0.79772 -0.02643 -0.10821
   0.81577 -0.02448 -0.08829
   0.83379 -0.02248 -0.06752
   0.85177 -0.02043 -0.04574
   0.86969 -0.01834 -0.02252
   0.88748 -0.01621  0.00208
   0.90507 -0.01405  0.02869
   0.92231 -0.01189  0.05759
   0.93896 -0.00975  0.08878
   0.95471 -0.00768  0.12227
   0.96919 -0.00574  0.15746
   0.98213 -0.00397  0.19281
   0.99339 -0.00240  0.22758
   1.00000 -0.00147  0.24597
