NACA 23014                                      
 Alfa =  29.12500 Re = 19899914.000 Xflap,Yflap =     0.000000    0.000000
#    x        y        Cp  
   1.00000  0.00147 -0.53968
   0.99344  0.00269 -0.54096
   0.98225  0.00474 -0.54316
   0.96940  0.00706 -0.54570
   0.95501  0.00963 -0.54858
   0.93935  0.01238 -0.55176
   0.92280  0.01524 -0.55518
   0.90566  0.01815 -0.55877
   0.88818  0.02107 -0.56252
   0.87048  0.02397 -0.56639
   0.85267  0.02683 -0.57037
   0.83478  0.02966 -0.57446
   0.81686  0.03245 -0.57865
   0.79890  0.03519 -0.58295
   0.78093  0.03788 -0.58737
   0.76295  0.04052 -0.59191
   0.74497  0.04311 -0.59658
   0.72698  0.04565 -0.60138
   0.70899  0.04815 -0.60632
   0.69100  0.05058 -0.61142
   0.67302  0.05297 -0.61667
   0.65505  0.05530 -0.62210
   0.63709  0.05757 -0.62771
   0.61914  0.05978 -0.63352
   0.60121  0.06193 -0.63954
   0.58329  0.06402 -0.64578
   0.56540  0.06603 -0.65228
   0.54753  0.06798 -0.65903
   0.52969  0.06985 -0.66608
   0.51188  0.07165 -0.67344
   0.49411  0.07337 -0.68114
   0.47637  0.07499 -0.68921
   0.45867  0.07653 -0.69770
   0.44102  0.07798 -0.70664
   0.42343  0.07932 -0.71608
   0.40588  0.08056 -0.72608
   0.38840  0.08169 -0.73672
   0.37099  0.08270 -0.74806
   0.35365  0.08358 -0.76020
   0.33640  0.08434 -0.77325
   0.31924  0.08496 -0.78734
   0.30219  0.08543 -0.80263
   0.28526  0.08575 -0.81931
   0.26848  0.08590 -0.83762
   0.25187  0.08589 -0.85783
   0.23548  0.08570 -0.88026
   0.21938  0.08532 -0.90527
   0.20365  0.08476 -0.93324
   0.18842  0.08401 -0.96449
   0.17378  0.08304 -0.99936
   0.15978  0.08181 -1.03820
   0.14641  0.08031 -1.08108
   0.13370  0.07852 -1.12751
   0.12162  0.07644 -1.17634
   0.11019  0.07410 -1.22622
   0.09942  0.07149 -1.27430
   0.08933  0.06867 -1.34174
   0.07993  0.06566 -1.80127
   0.07123  0.06250 -2.30497
   0.06323  0.05925 -2.74249
   0.05592  0.05595 -3.12830
   0.04928  0.05265 -3.48354
   0.04328  0.04937 -3.81887
   0.03788  0.04615 -4.14119
   0.03302  0.04300 -4.45696
   0.02866  0.03994 -4.76654
   0.02475  0.03697 -5.08108
   0.02125  0.03409 -5.40049
   0.01811  0.03130 -5.72490
   0.01530  0.02860 -6.05376
   0.01279  0.02598 -6.39542
   0.01055  0.02344 -6.74836
   0.00856  0.02096 -7.10014
   0.00681  0.01854 -7.44868
   0.00527  0.01618 -7.78745
   0.00394  0.01387 -8.44899
   0.00281  0.01160 -8.71839
   0.00187  0.00938 -9.02346
   0.00112  0.00720 -9.31643
   0.00057  0.00507 -9.53163
   0.00020  0.00298 -9.65105
   0.00002  0.00095 -9.63612
   0.00002 -0.00103 -9.52025
   0.00023 -0.00303 -9.21513
   0.00065 -0.00505 -8.70060
   0.00133 -0.00706 -7.88767
   0.00228 -0.00903 -6.85473
   0.00350 -0.01093 -5.70694
   0.00499 -0.01275 -4.53603
   0.00673 -0.01447 -3.46208
   0.00873 -0.01609 -2.53979
   0.01098 -0.01762 -1.76934
   0.01347 -0.01907 -1.14856
   0.01622 -0.02044 -0.65517
   0.01925 -0.02175 -0.26296
   0.02259 -0.02302  0.04466
   0.02627 -0.02425  0.28664
   0.03035 -0.02546  0.47608
   0.03490 -0.02666  0.62518
   0.04001 -0.02787  0.73897
   0.04578 -0.02910  0.82842
   0.05237 -0.03037  0.89395
   0.05994 -0.03170  0.94215
   0.06870 -0.03312  0.97418
   0.07883 -0.03465  0.99296
   0.09047 -0.03631  0.99987
   0.10366 -0.03811  0.99669
   0.11821 -0.04002  0.98509
   0.13378 -0.04200  0.96692
   0.14998 -0.04397  0.94387
   0.16645 -0.04587  0.91713
   0.18298 -0.04764  0.88800
   0.19946 -0.04922  0.85783
   0.21591 -0.05059  0.82730
   0.23243 -0.05174  0.79767
   0.24904 -0.05270  0.76806
   0.26576 -0.05348  0.73898
   0.28260 -0.05410  0.71050
   0.29956 -0.05455  0.68294
   0.31663 -0.05486  0.65583
   0.33380 -0.05502  0.62898
   0.35106 -0.05504  0.60345
   0.36841 -0.05494  0.57836
   0.38583 -0.05472  0.55338
   0.40333 -0.05438  0.52969
   0.42090 -0.05393  0.50629
   0.43852 -0.05338  0.48314
   0.45620 -0.05272  0.46044
   0.47394 -0.05198  0.43856
   0.49171 -0.05114  0.41655
   0.50953 -0.05022  0.39486
   0.52739 -0.04922  0.37396
   0.54529 -0.04814  0.35280
   0.56321 -0.04698  0.33143
   0.58116 -0.04576  0.31130
   0.59914 -0.04447  0.28961
   0.61714 -0.04311  0.26913
   0.63516 -0.04169  0.24827
   0.65320 -0.04022  0.22704
   0.67124 -0.03868  0.20540
   0.68930 -0.03709  0.18453
   0.70737 -0.03544  0.16227
   0.72544 -0.03374  0.13981
   0.74352 -0.03199  0.11718
   0.76159 -0.03019  0.09359
   0.77966 -0.02833  0.06965
   0.79772 -0.02643  0.04457
   0.81577 -0.02448  0.01858
   0.83379 -0.02248 -0.00818
   0.85177 -0.02043 -0.03658
   0.86969 -0.01834 -0.06643
   0.88748 -0.01621 -0.09798
   0.90507 -0.01405 -0.13180
   0.92231 -0.01189 -0.16791
   0.93896 -0.00975 -0.20654
   0.95471 -0.00768 -0.24764
   0.96919 -0.00574 -0.29175
   0.98213 -0.00397 -0.34156
   0.99339 -0.00240 -0.37250
   1.00000 -0.00147 -0.53968
