NACA 23014                                      
 Alfa = -25.00000 Re = 19899914.000 Xflap,Yflap =     0.000000    0.000000
#    x        y        Cp  
   1.00000  0.00147 -0.50125
   0.99344  0.00269 -0.37682
   0.98225  0.00474 -0.36359
   0.96940  0.00706 -0.32868
   0.95501  0.00963 -0.29930
   0.93935  0.01238 -0.27001
   0.92280  0.01524 -0.24261
   0.90566  0.01815 -0.21704
   0.88818  0.02107 -0.19240
   0.87048  0.02397 -0.16935
   0.85267  0.02683 -0.14709
   0.83478  0.02966 -0.12682
   0.81686  0.03245 -0.10614
   0.79890  0.03519 -0.08715
   0.78093  0.03788 -0.06881
   0.76295  0.04052 -0.05023
   0.74497  0.04311 -0.03332
   0.72698  0.04565 -0.01534
   0.70899  0.04815  0.00082
   0.69100  0.05058  0.01781
   0.67302  0.05297  0.03400
   0.65505  0.05530  0.05025
   0.63709  0.05757  0.06644
   0.61914  0.05978  0.08233
   0.60121  0.06193  0.09847
   0.58329  0.06402  0.11449
   0.56540  0.06603  0.13087
   0.54753  0.06798  0.14704
   0.52969  0.06985  0.16390
   0.51188  0.07165  0.18027
   0.49411  0.07337  0.19783
   0.47637  0.07499  0.21527
   0.45867  0.07653  0.23317
   0.44102  0.07798  0.25193
   0.42343  0.07932  0.27066
   0.40588  0.08056  0.29083
   0.38840  0.08169  0.31107
   0.37099  0.08270  0.33248
   0.35365  0.08358  0.35481
   0.33640  0.08434  0.37773
   0.31924  0.08496  0.40233
   0.30219  0.08543  0.42770
   0.28526  0.08575  0.45436
   0.26848  0.08590  0.48275
   0.25187  0.08589  0.51204
   0.23548  0.08570  0.54298
   0.21938  0.08532  0.57506
   0.20365  0.08476  0.60816
   0.18842  0.08401  0.64146
   0.17378  0.08304  0.67594
   0.15978  0.08181  0.71321
   0.14641  0.08031  0.75318
   0.13370  0.07852  0.79370
   0.12162  0.07644  0.83573
   0.11019  0.07410  0.87666
   0.09942  0.07149  0.91485
   0.08933  0.06867  0.94857
   0.07993  0.06566  0.97558
   0.07123  0.06250  0.99334
   0.06323  0.05925  1.00000
   0.05592  0.05595  0.99336
   0.04928  0.05265  0.97179
   0.04328  0.04937  0.93326
   0.03788  0.04615  0.87693
   0.03302  0.04300  0.79948
   0.02866  0.03994  0.70135
   0.02475  0.03697  0.57847
   0.02125  0.03409  0.42941
   0.01811  0.03130  0.25206
   0.01530  0.02860  0.03769
   0.01279  0.02598 -0.21293
   0.01055  0.02344 -0.50218
   0.00856  0.02096 -0.84972
   0.00681  0.01854 -1.24484
   0.00527  0.01618 -1.70946
   0.00394  0.01387 -2.24250
   0.00281  0.01160 -2.84525
   0.00187  0.00938 -3.53595
   0.00112  0.00720 -4.29238
   0.00057  0.00507 -5.12077
   0.00020  0.00298 -5.96542
   0.00002  0.00095 -6.84605
   0.00002 -0.00103 -7.69862
   0.00023 -0.00303 -8.53805
   0.00065 -0.00505 -9.24738
   0.00133 -0.00706 -9.68272
   0.00228 -0.00903 -9.74864
   0.00350 -0.01093 -9.43487
   0.00499 -0.01275 -8.95607
   0.00673 -0.01447 -8.26250
   0.00873 -0.01609 -7.04775
   0.01098 -0.01762 -6.18397
   0.01347 -0.01907 -5.32210
   0.01622 -0.02044 -4.48403
   0.01925 -0.02175 -3.66511
   0.02259 -0.02302 -2.82314
   0.02627 -0.02425 -2.03651
   0.03035 -0.02546 -1.84395
   0.03490 -0.02666 -1.73294
   0.04001 -0.02787 -1.62428
   0.04578 -0.02910 -1.52160
   0.05237 -0.03037 -1.42758
   0.05994 -0.03170 -1.34302
   0.06870 -0.03312 -1.26716
   0.07883 -0.03465 -1.19883
   0.09047 -0.03631 -1.13706
   0.10366 -0.03811 -1.08138
   0.11821 -0.04002 -1.03167
   0.13378 -0.04200 -0.98783
   0.14998 -0.04397 -0.94957
   0.16645 -0.04587 -0.91633
   0.18298 -0.04764 -0.88742
   0.19946 -0.04922 -0.86211
   0.21591 -0.05059 -0.83969
   0.23243 -0.05174 -0.81955
   0.24904 -0.05270 -0.80126
   0.26576 -0.05348 -0.78450
   0.28260 -0.05410 -0.76905
   0.29956 -0.05455 -0.75473
   0.31663 -0.05486 -0.74139
   0.33380 -0.05502 -0.72892
   0.35106 -0.05504 -0.71721
   0.36841 -0.05494 -0.70619
   0.38583 -0.05472 -0.69578
   0.40333 -0.05438 -0.68592
   0.42090 -0.05393 -0.67656
   0.43852 -0.05338 -0.66764
   0.45620 -0.05272 -0.65915
   0.47394 -0.05198 -0.65102
   0.49171 -0.05114 -0.64325
   0.50953 -0.05022 -0.63579
   0.52739 -0.04922 -0.62862
   0.54529 -0.04814 -0.62173
   0.56321 -0.04698 -0.61509
   0.58116 -0.04576 -0.60868
   0.59914 -0.04447 -0.60250
   0.61714 -0.04311 -0.59651
   0.63516 -0.04169 -0.59072
   0.65320 -0.04022 -0.58511
   0.67124 -0.03868 -0.57966
   0.68930 -0.03709 -0.57438
   0.70737 -0.03544 -0.56924
   0.72544 -0.03374 -0.56425
   0.74352 -0.03199 -0.55939
   0.76159 -0.03019 -0.55466
   0.77966 -0.02833 -0.55005
   0.79772 -0.02643 -0.54555
   0.81577 -0.02448 -0.54116
   0.83379 -0.02248 -0.53688
   0.85177 -0.02043 -0.53271
   0.86969 -0.01834 -0.52864
   0.88748 -0.01621 -0.52468
   0.90507 -0.01405 -0.52084
   0.92231 -0.01189 -0.51715
   0.93896 -0.00975 -0.51365
   0.95471 -0.00768 -0.51039
   0.96919 -0.00574 -0.50743
   0.98213 -0.00397 -0.50482
   0.99339 -0.00240 -0.50256
   1.00000 -0.00147 -0.50125
