NACA 23014                                      
 Alfa =  27.12500 Re = 19899914.000 Xflap,Yflap =     0.000000    0.000000
#    x        y        Cp  
   1.00000  0.00147 -0.44594
   0.99344  0.00269 -0.44729
   0.98225  0.00474 -0.44960
   0.96940  0.00706 -0.45229
   0.95501  0.00963 -0.45533
   0.93935  0.01238 -0.45870
   0.92280  0.01524 -0.46232
   0.90566  0.01815 -0.46615
   0.88818  0.02107 -0.47014
   0.87048  0.02397 -0.47427
   0.85267  0.02683 -0.47854
   0.83478  0.02966 -0.48292
   0.81686  0.03245 -0.48744
   0.79890  0.03519 -0.49208
   0.78093  0.03788 -0.49686
   0.76295  0.04052 -0.50179
   0.74497  0.04311 -0.50687
   0.72698  0.04565 -0.51211
   0.70899  0.04815 -0.51753
   0.69100  0.05058 -0.52313
   0.67302  0.05297 -0.52893
   0.65505  0.05530 -0.53494
   0.63709  0.05757 -0.54118
   0.61914  0.05978 -0.54767
   0.60121  0.06193 -0.55442
   0.58329  0.06402 -0.56146
   0.56540  0.06603 -0.56881
   0.54753  0.06798 -0.57650
   0.52969  0.06985 -0.58457
   0.51188  0.07165 -0.59304
   0.49411  0.07337 -0.60196
   0.47637  0.07499 -0.61137
   0.45867  0.07653 -0.62134
   0.44102  0.07798 -0.63192
   0.42343  0.07932 -0.64318
   0.40588  0.08056 -0.65522
   0.38840  0.08169 -0.66812
   0.37099  0.08270 -0.68202
   0.35365  0.08358 -0.69705
   0.33640  0.08434 -0.71339
   0.31924  0.08496 -0.73124
   0.30219  0.08543 -0.75084
   0.28526  0.08575 -0.77249
   0.26848  0.08590 -0.79653
   0.25187  0.08589 -0.82335
   0.23548  0.08570 -0.85333
   0.21938  0.08532 -0.88680
   0.20365  0.08476 -0.92388
   0.18842  0.08401 -0.96419
   0.17378  0.08304 -1.00694
   0.15978  0.08181 -1.05113
   0.14641  0.08031 -1.09570
   0.13370  0.07852 -1.13772
   0.12162  0.07644 -1.18549
   0.11019  0.07410 -1.56509
   0.09942  0.07149 -2.01959
   0.08933  0.06867 -2.42999
   0.07993  0.06566 -2.79686
   0.07123  0.06250 -3.13562
   0.06323  0.05925 -3.45423
   0.05592  0.05595 -3.75747
   0.04928  0.05265 -4.04861
   0.04328  0.04937 -4.33375
   0.03788  0.04615 -4.61437
   0.03302  0.04300 -4.89193
   0.02866  0.03994 -5.16977
   0.02475  0.03697 -5.45419
   0.02125  0.03409 -5.74123
   0.01811  0.03130 -6.04030
   0.01530  0.02860 -6.33885
   0.01279  0.02598 -6.65413
   0.01055  0.02344 -6.96770
   0.00856  0.02096 -7.28209
   0.00681  0.01854 -7.60469
   0.00527  0.01618 -8.09592
   0.00394  0.01387 -8.48831
   0.00281  0.01160 -8.76554
   0.00187  0.00938 -9.05570
   0.00112  0.00720 -9.31306
   0.00057  0.00507 -9.48636
   0.00020  0.00298 -9.55562
   0.00002  0.00095 -9.50720
   0.00002 -0.00103 -9.33456
   0.00023 -0.00303 -9.00261
   0.00065 -0.00505 -8.44030
   0.00133 -0.00706 -7.61111
   0.00228 -0.00903 -6.57412
   0.00350 -0.01093 -5.42339
   0.00499 -0.01275 -4.27037
   0.00673 -0.01447 -3.22224
   0.00873 -0.01609 -2.32413
   0.01098 -0.01762 -1.58242
   0.01347 -0.01907 -0.98723
   0.01622 -0.02044 -0.51456
   0.01925 -0.02175 -0.14777
   0.02259 -0.02302  0.14509
   0.02627 -0.02425  0.36829
   0.03035 -0.02546  0.54390
   0.03490 -0.02666  0.67967
   0.04001 -0.02787  0.78355
   0.04578 -0.02910  0.86214
   0.05237 -0.03037  0.91952
   0.05994 -0.03170  0.95958
   0.06870 -0.03312  0.98513
   0.07883 -0.03465  0.99774
   0.09047 -0.03631  0.99943
   0.10366 -0.03811  0.99171
   0.11821 -0.04002  0.97622
   0.13378 -0.04200  0.95470
   0.14998 -0.04397  0.92892
   0.16645 -0.04587  0.89991
   0.18298 -0.04764  0.86898
   0.19946 -0.04922  0.83707
   0.21591 -0.05059  0.80549
   0.23243 -0.05174  0.77511
   0.24904 -0.05270  0.74518
   0.26576 -0.05348  0.71571
   0.28260 -0.05410  0.68742
   0.29956 -0.05455  0.65978
   0.31663 -0.05486  0.63308
   0.33380 -0.05502  0.60671
   0.35106 -0.05504  0.58176
   0.36841 -0.05494  0.55711
   0.38583 -0.05472  0.53303
   0.40333 -0.05438  0.51021
   0.42090 -0.05393  0.48756
   0.43852 -0.05338  0.46558
   0.45620 -0.05272  0.44378
   0.47394 -0.05198  0.42310
   0.49171 -0.05114  0.40234
   0.50953 -0.05022  0.38178
   0.52739 -0.04922  0.36205
   0.54529 -0.04814  0.34236
   0.56321 -0.04698  0.32246
   0.58116 -0.04576  0.30364
   0.59914 -0.04447  0.28374
   0.61714 -0.04311  0.26456
   0.63516 -0.04169  0.24563
   0.65320 -0.04022  0.22593
   0.67124 -0.03868  0.20630
   0.68930 -0.03709  0.18724
   0.70737 -0.03544  0.16690
   0.72544 -0.03374  0.14672
   0.74352 -0.03199  0.12632
   0.76159 -0.03019  0.10494
   0.77966 -0.02833  0.08346
   0.79772 -0.02643  0.06107
   0.81577 -0.02448  0.03795
   0.83379 -0.02248  0.01412
   0.85177 -0.02043 -0.01091
   0.86969 -0.01834 -0.03746
   0.88748 -0.01621 -0.06490
   0.90507 -0.01405 -0.09460
   0.92231 -0.01189 -0.12605
   0.93896 -0.00975 -0.15935
   0.95471 -0.00768 -0.19503
   0.96919 -0.00574 -0.23275
   0.98213 -0.00397 -0.27513
   0.99339 -0.00240 -0.29957
   1.00000 -0.00147 -0.44594
