NACA 23014                                      
 Alfa =  27.75000 Re = 19899914.000 Xflap,Yflap =     0.000000    0.000000
#    x        y        Cp  
   1.00000  0.00147 -0.47555
   0.99344  0.00269 -0.47687
   0.98225  0.00474 -0.47914
   0.96940  0.00706 -0.48177
   0.95501  0.00963 -0.48476
   0.93935  0.01238 -0.48805
   0.92280  0.01524 -0.49160
   0.90566  0.01815 -0.49534
   0.88818  0.02107 -0.49924
   0.87048  0.02397 -0.50328
   0.85267  0.02683 -0.50743
   0.83478  0.02966 -0.51171
   0.81686  0.03245 -0.51610
   0.79890  0.03519 -0.52062
   0.78093  0.03788 -0.52527
   0.76295  0.04052 -0.53005
   0.74497  0.04311 -0.53497
   0.72698  0.04565 -0.54005
   0.70899  0.04815 -0.54529
   0.69100  0.05058 -0.55070
   0.67302  0.05297 -0.55630
   0.65505  0.05530 -0.56210
   0.63709  0.05757 -0.56810
   0.61914  0.05978 -0.57433
   0.60121  0.06193 -0.58081
   0.58329  0.06402 -0.58756
   0.56540  0.06603 -0.59459
   0.54753  0.06798 -0.60193
   0.52969  0.06985 -0.60961
   0.51188  0.07165 -0.61767
   0.49411  0.07337 -0.62613
   0.47637  0.07499 -0.63504
   0.45867  0.07653 -0.64445
   0.44102  0.07798 -0.65442
   0.42343  0.07932 -0.66500
   0.40588  0.08056 -0.67626
   0.38840  0.08169 -0.68831
   0.37099  0.08270 -0.70125
   0.35365  0.08358 -0.71519
   0.33640  0.08434 -0.73028
   0.31924  0.08496 -0.74671
   0.30219  0.08543 -0.76469
   0.28526  0.08575 -0.78447
   0.26848  0.08590 -0.80637
   0.25187  0.08589 -0.83074
   0.23548  0.08570 -0.85800
   0.21938  0.08532 -0.88853
   0.20365  0.08476 -0.92266
   0.18842  0.08401 -0.96042
   0.17378  0.08304 -1.00156
   0.15978  0.08181 -1.04541
   0.14641  0.08031 -1.09096
   0.13370  0.07852 -1.13707
   0.12162  0.07644 -1.18084
   0.11019  0.07410 -1.23710
   0.09942  0.07149 -1.64757
   0.08933  0.06867 -2.12005
   0.07993  0.06566 -2.53894
   0.07123  0.06250 -2.91194
   0.06323  0.05925 -3.25526
   0.05592  0.05595 -3.57518
   0.04928  0.05265 -3.88461
   0.04328  0.04937 -4.18008
   0.03788  0.04615 -4.47082
   0.03302  0.04300 -4.76125
   0.02866  0.03994 -5.04966
   0.02475  0.03697 -5.33472
   0.02125  0.03409 -5.63851
   0.01811  0.03130 -5.93851
   0.01530  0.02860 -6.25420
   0.01279  0.02598 -6.57131
   0.01055  0.02344 -6.89593
   0.00856  0.02096 -7.22659
   0.00681  0.01854 -7.55019
   0.00527  0.01618 -7.98490
   0.00394  0.01387 -8.46854
   0.00281  0.01160 -8.74665
   0.00187  0.00938 -9.04250
   0.00112  0.00720 -9.29955
   0.00057  0.00507 -9.49720
   0.00020  0.00298 -9.57693
   0.00002  0.00095 -9.53934
   0.00002 -0.00103 -9.38053
   0.00023 -0.00303 -9.05553
   0.00065 -0.00505 -8.50290
   0.00133 -0.00706 -7.70081
   0.00228 -0.00903 -6.64389
   0.00350 -0.01093 -5.50043
   0.00499 -0.01275 -4.34089
   0.00673 -0.01447 -3.28992
   0.00873 -0.01609 -2.38530
   0.01098 -0.01762 -1.63531
   0.01347 -0.01907 -1.03037
   0.01622 -0.02044 -0.55486
   0.01925 -0.02175 -0.17960
   0.02259 -0.02302  0.11651
   0.02627 -0.02425  0.34477
   0.03035 -0.02546  0.52574
   0.03490 -0.02666  0.66411
   0.04001 -0.02787  0.77113
   0.04578 -0.02910  0.85275
   0.05237 -0.03037  0.91232
   0.05994 -0.03170  0.95493
   0.06870 -0.03312  0.98228
   0.07883 -0.03465  0.99663
   0.09047 -0.03631  0.99982
   0.10366 -0.03811  0.99335
   0.11821 -0.04002  0.97903
   0.13378 -0.04200  0.95846
   0.14998 -0.04397  0.93341
   0.16645 -0.04587  0.90506
   0.18298 -0.04764  0.87464
   0.19946 -0.04922  0.84319
   0.21591 -0.05059  0.81192
   0.23243 -0.05174  0.78176
   0.24904 -0.05270  0.75163
   0.26576 -0.05348  0.72275
   0.28260 -0.05410  0.69390
   0.29956 -0.05455  0.66653
   0.31663 -0.05486  0.63954
   0.33380 -0.05502  0.61316
   0.35106 -0.05504  0.58782
   0.36841 -0.05494  0.56309
   0.38583 -0.05472  0.53875
   0.40333 -0.05438  0.51558
   0.42090 -0.05393  0.49261
   0.43852 -0.05338  0.47042
   0.45620 -0.05272  0.44848
   0.47394 -0.05198  0.42690
   0.49171 -0.05114  0.40611
   0.50953 -0.05022  0.38511
   0.52739 -0.04922  0.36504
   0.54529 -0.04814  0.34468
   0.56321 -0.04698  0.32472
   0.58116 -0.04576  0.30511
   0.59914 -0.04447  0.28473
   0.61714 -0.04311  0.26536
   0.63516 -0.04169  0.24557
   0.65320 -0.04022  0.22538
   0.67124 -0.03868  0.20519
   0.68930 -0.03709  0.18566
   0.70737 -0.03544  0.16454
   0.72544 -0.03374  0.14384
   0.74352 -0.03199  0.12247
   0.76159 -0.03019  0.10058
   0.77966 -0.02833  0.07819
   0.79772 -0.02643  0.05524
   0.81577 -0.02448  0.03093
   0.83379 -0.02248  0.00636
   0.85177 -0.02043 -0.01984
   0.86969 -0.01834 -0.04735
   0.88748 -0.01621 -0.07602
   0.90507 -0.01405 -0.10701
   0.92231 -0.01189 -0.13990
   0.93896 -0.00975 -0.17488
   0.95471 -0.00768 -0.21219
   0.96919 -0.00574 -0.25181
   0.98213 -0.00397 -0.29643
   0.99339 -0.00240 -0.32302
   1.00000 -0.00147 -0.47555
