NACA 4520                                       
 Alfa =  24.00000 Re =   600000.000 Xflap,Yflap =     0.000000    0.000000
#    x        y        Cp  
   1.00000  0.00210 -0.35981
   0.99202  0.00523 -0.36155
   0.97906  0.01021 -0.36438
   0.96493  0.01554 -0.36750
   0.94965  0.02117 -0.37093
   0.93333  0.02703 -0.37466
   0.91611  0.03305 -0.37869
   0.89815  0.03915 -0.38301
   0.87959  0.04526 -0.38760
   0.86058  0.05132 -0.39245
   0.84122  0.05729 -0.39755
   0.82161  0.06313 -0.40291
   0.80182  0.06881 -0.40852
   0.78190  0.07431 -0.41440
   0.76189  0.07962 -0.42055
   0.74181  0.08473 -0.42700
   0.72169  0.08963 -0.43375
   0.70155  0.09431 -0.44082
   0.68141  0.09877 -0.44825
   0.66128  0.10300 -0.45604
   0.64117  0.10700 -0.46424
   0.62109  0.11076 -0.47285
   0.60106  0.11428 -0.48192
   0.58109  0.11754 -0.49146
   0.56120  0.12055 -0.50150
   0.54138  0.12331 -0.51208
   0.52166  0.12580 -0.52320
   0.50205  0.12802 -0.53489
   0.48256  0.12996 -0.54715
   0.46321  0.13163 -0.55999
   0.44400  0.13302 -0.57341
   0.42496  0.13411 -0.58738
   0.40610  0.13492 -0.60192
   0.38744  0.13543 -0.61702
   0.36900  0.13564 -0.63275
   0.35079  0.13555 -0.64918
   0.33285  0.13517 -0.66632
   0.31518  0.13448 -0.68393
   0.29784  0.13349 -0.70046
   0.28083  0.13220 -0.71118
   0.26421  0.13063 -0.78664
   0.24800  0.12877 -0.92474
   0.23224  0.12665 -1.10057
   0.21697  0.12427 -1.28878
   0.20224  0.12165 -1.47431
   0.18809  0.11882 -1.65142
   0.17454  0.11581 -1.81936
   0.16164  0.11263 -1.98015
   0.14940  0.10932 -2.13436
   0.13784  0.10590 -2.28284
   0.12697  0.10242 -2.42716
   0.11677  0.09888 -2.56552
   0.10723  0.09532 -2.70096
   0.09833  0.09176 -2.82943
   0.09005  0.08821 -2.95088
   0.08234  0.08468 -3.06218
   0.07517  0.08118 -3.15958
   0.06852  0.07773 -3.26535
   0.06233  0.07433 -3.50201
   0.05659  0.07096 -4.15641
   0.05125  0.06765 -4.26307
   0.04629  0.06438 -4.31484
   0.04168  0.06117 -4.36783
   0.03740  0.05799 -4.42722
   0.03342  0.05485 -4.49692
   0.02972  0.05175 -4.57911
   0.02629  0.04869 -4.67339
   0.02311  0.04565 -4.78097
   0.02017  0.04264 -4.89784
   0.01745  0.03966 -5.01626
   0.01495  0.03670 -5.13257
   0.01266  0.03376 -5.23913
   0.01058  0.03084 -5.33123
   0.00869  0.02793 -5.40695
   0.00699  0.02504 -5.46149
   0.00549  0.02217 -5.49058
   0.00417  0.01931 -5.48584
   0.00304  0.01647 -5.44590
   0.00209  0.01365 -5.36970
   0.00133  0.01086 -5.25153
   0.00074  0.00810 -5.09364
   0.00033  0.00538 -4.88558
   0.00008  0.00269 -4.66432
   0.00000  0.00007 -4.40570
   0.00008 -0.00255 -4.13355
   0.00032 -0.00521 -3.82569
   0.00074 -0.00788 -3.48699
   0.00136 -0.01057 -3.11294
   0.00218 -0.01325 -2.72186
   0.00322 -0.01592 -2.30861
   0.00446 -0.01856 -1.89801
   0.00593 -0.02116 -1.49842
   0.00761 -0.02371 -1.11526
   0.00951 -0.02621 -0.76996
   0.01162 -0.02865 -0.45704
   0.01394 -0.03103 -0.18082
   0.01647 -0.03334  0.05585
   0.01921 -0.03559  0.25991
   0.02217 -0.03777  0.42869
   0.02534 -0.03989  0.56853
   0.02873 -0.04195  0.68186
   0.03235 -0.04396  0.77217
   0.03621 -0.04590  0.84480
   0.04033 -0.04780  0.89987
   0.04471 -0.04964  0.94013
   0.04939 -0.05142  0.96926
   0.05438 -0.05316  0.98771
   0.05971 -0.05485  0.99750
   0.06541 -0.05648  0.99994
   0.07151 -0.05806  0.99611
   0.07805 -0.05959  0.98693
   0.08509 -0.06105  0.97321
   0.09266 -0.06245  0.95577
   0.10082 -0.06377  0.93477
   0.10963 -0.06501  0.91140
   0.11915 -0.06615  0.88548
   0.12945 -0.06718  0.85783
   0.14058 -0.06808  0.82878
   0.15261 -0.06883  0.79855
   0.16558 -0.06942  0.76802
   0.17952 -0.06982  0.73690
   0.19445 -0.07001  0.70613
   0.21036 -0.06998  0.67609
   0.22722 -0.06971  0.64626
   0.24500 -0.06920  0.61788
   0.26362 -0.06845  0.59070
   0.28301 -0.06745  0.56483
   0.30311 -0.06623  0.54043
   0.32384 -0.06478  0.51726
   0.34514 -0.06314  0.49548
   0.36694 -0.06131  0.47495
   0.38920 -0.05932  0.45550
   0.41185 -0.05719  0.43691
   0.43486 -0.05493  0.41928
   0.45820 -0.05258  0.40229
   0.48180 -0.05014  0.38563
   0.50563 -0.04764  0.36949
   0.52964 -0.04510  0.35354
   0.55376 -0.04254  0.33758
   0.57791 -0.03998  0.32174
   0.60204 -0.03744  0.30557
   0.62611 -0.03493  0.28926
   0.65011 -0.03246  0.27243
   0.67404 -0.03004  0.25504
   0.69789 -0.02767  0.23693
   0.72167 -0.02536  0.21779
   0.74538 -0.02310  0.19776
   0.76898 -0.02091  0.17629
   0.79246 -0.01879  0.15332
   0.81577 -0.01673  0.12872
   0.83881 -0.01475  0.10203
   0.86147 -0.01285  0.07333
   0.88355 -0.01105  0.04204
   0.90485 -0.00934  0.00828
   0.92508 -0.00776 -0.02839
   0.94400 -0.00630 -0.06813
   0.96141 -0.00498 -0.11103
   0.97721 -0.00379 -0.16044
   0.99139 -0.00274 -0.20438
   1.00000 -0.00210 -0.35981
