pane                                            
 Alfa =  29.25000 Re = 19899914.000 Xflap,Yflap =     0.000000    0.000000
#    x        y        Cp  
   1.00000  0.00020 -0.66973
   0.99795  0.00039 -0.67009
   0.99200  0.00109 -0.67113
   0.98231  0.00234 -0.67281
   0.96892  0.00426 -0.67515
   0.95201  0.00701 -0.67812
   0.93169  0.01071 -0.68172
   0.90822  0.01554 -0.68594
   0.88218  0.02162 -0.69069
   0.85390  0.02911 -0.69595
   0.82415  0.03800 -0.70162
   0.79373  0.04786 -0.70756
   0.76334  0.05806 -0.71367
   0.73355  0.06753 -0.71984
   0.70381  0.07512 -0.72629
   0.67272  0.08089 -0.73351
   0.64030  0.08539 -0.74157
   0.60675  0.08895 -0.75053
   0.57224  0.09162 -0.76045
   0.53709  0.09345 -0.77139
   0.50158  0.09450 -0.78339
   0.46586  0.09477 -0.79658
   0.43009  0.09438 -0.81108
   0.39450  0.09331 -0.82705
   0.35943  0.09160 -0.84458
   0.32495  0.08925 -0.86396
   0.29134  0.08634 -0.88541
   0.25879  0.08290 -0.90927
   0.22749  0.07895 -0.93596
   0.19759  0.07457 -0.96609
   0.16929  0.06983 -1.00041
   0.14267  0.06481 -1.04010
   0.11792  0.05962 -1.08685
   0.09513  0.05419 -1.14379
   0.07444  0.04852 -1.21635
   0.05604  0.04262 -1.31475
   0.04004  0.03657 -1.45741
   0.02652  0.03046 -1.63417
   0.01561  0.02424 -1.83655
   0.00752  0.01776 -4.61841
   0.00240  0.01068 -6.88825
   0.00021  0.00328 -6.89839
   0.00000  0.00000 -7.42229
   0.00022 -0.00211 -7.63973
   0.00228 -0.00692 -5.97026
   0.00742 -0.01079 -1.23923
   0.01594 -0.01445  0.18403
   0.02787 -0.01803  0.72173
   0.04298 -0.02148  0.92438
   0.06095 -0.02482  0.99143
   0.08165 -0.02803  0.99767
   0.10491 -0.03108  0.97376
   0.13056 -0.03393  0.93435
   0.15846 -0.03656  0.88676
   0.18839 -0.03896  0.83481
   0.22017 -0.04111  0.78046
   0.25356 -0.04297  0.72499
   0.28831 -0.04453  0.66920
   0.32415 -0.04578  0.61259
   0.36089 -0.04668  0.55512
   0.39836 -0.04717  0.49806
   0.43634 -0.04722  0.44145
   0.47450 -0.04682  0.38578
   0.51266 -0.04601  0.32810
   0.55059 -0.04475  0.26545
   0.58796 -0.04292  0.20502
   0.62451 -0.04047  0.13916
   0.65994 -0.03722  0.07917
   0.69413 -0.03288 -0.00441
   0.72715 -0.02620  0.06895
   0.76214 -0.01803  0.21852
   0.79751 -0.01174  0.20804
   0.83156 -0.00702  0.18901
   0.86360 -0.00364  0.15844
   0.89285 -0.00153  0.10916
   0.91906 -0.00043  0.03671
   0.94172  0.00004 -0.04861
   0.96070  0.00018 -0.13771
   0.97600  0.00018 -0.23002
   0.98761  0.00012 -0.29992
   0.99551 -0.00002 -0.38489
   1.00001 -0.00020 -0.66973
