pane                                            
 Alfa = -18.00000 Re = 19899914.000 Xflap,Yflap =     0.000000    0.000000
#    x        y        Cp  
   1.00000  0.00020  0.28350
   0.99795  0.00039  0.31935
   0.99200  0.00109  0.32858
   0.98231  0.00234  0.33649
   0.96892  0.00426  0.34664
   0.95201  0.00701  0.35276
   0.93169  0.01071  0.35999
   0.90822  0.01554  0.36185
   0.88218  0.02162  0.35663
   0.85390  0.02911  0.34084
   0.82415  0.03800  0.30299
   0.79373  0.04786  0.24604
   0.76334  0.05806  0.12597
   0.73355  0.06753  0.03310
   0.70381  0.07512 -0.01027
   0.67272  0.08089  0.02655
   0.64030  0.08539  0.07322
   0.60675  0.08895  0.11704
   0.57224  0.09162  0.16490
   0.53709  0.09345  0.21481
   0.50158  0.09450  0.26532
   0.46586  0.09477  0.32013
   0.43009  0.09438  0.37311
   0.39450  0.09331  0.42895
   0.35943  0.09160  0.48554
   0.32495  0.08925  0.54616
   0.29134  0.08634  0.60673
   0.25879  0.08290  0.66861
   0.22749  0.07895  0.73256
   0.19759  0.07457  0.79578
   0.16929  0.06983  0.85728
   0.14267  0.06481  0.91418
   0.11792  0.05962  0.96208
   0.09513  0.05419  0.99428
   0.07444  0.04852  0.99478
   0.05604  0.04262  0.93264
   0.04004  0.03657  0.74831
   0.02652  0.03046  0.30364
   0.01561  0.02424 -0.75947
   0.00752  0.01776 -3.34704
   0.00240  0.01068 -8.14575
   0.00021  0.00328-13.45549
   0.00000  0.00000-18.42496
   0.00022 -0.00211-22.27243
   0.00228 -0.00692-28.30006
   0.00742 -0.01079-27.83457
   0.01594 -0.01445-27.57019
   0.02787 -0.01803-21.40199
   0.04298 -0.02148-20.44418
   0.06095 -0.02482-19.89909
   0.08165 -0.02803-19.51691
   0.10491 -0.03108-19.22489
   0.13056 -0.03393-18.98971
   0.15846 -0.03656-18.79469
   0.18839 -0.03896-18.63449
   0.22017 -0.04111-18.49931
   0.25356 -0.04297-18.38074
   0.28831 -0.04453-18.27767
   0.32415 -0.04578-18.18677
   0.36089 -0.04668-18.10831
   0.39836 -0.04717-18.03318
   0.43634 -0.04722-17.96233
   0.47450 -0.04682-17.89257
   0.51266 -0.04601-17.83146
   0.55059 -0.04475-17.72601
   0.58796 -0.04292-17.73097
   0.62451 -0.04047-17.69528
   0.65994 -0.03722-17.60659
   0.69413 -0.03288-17.57916
   0.72715 -0.02620-17.32710
   0.76214 -0.01803-16.93810
   0.79751 -0.01174-16.85681
   0.83156 -0.00702-16.83989
   0.86360 -0.00364-16.80146
   0.89285 -0.00153-16.83118
   0.91906 -0.00043-16.73153
   0.94172  0.00004-16.77616
   0.96070  0.00018-16.77345
   0.97600  0.00018-16.74088
   0.98761  0.00012-16.71716
   0.99551 -0.00002-16.69085
   1.00001 -0.00020-16.67614
