pane                                            
 Alfa = -19.50000 Re = 19899914.000 Xflap,Yflap =     0.000000    0.000000
#    x        y        Cp  
   1.00000  0.00020  0.29207
   0.99795  0.00039  0.32992
   0.99200  0.00109  0.34045
   0.98231  0.00234  0.34970
   0.96892  0.00426  0.36119
   0.95201  0.00701  0.36895
   0.93169  0.01071  0.37770
   0.90822  0.01554  0.38129
   0.88218  0.02162  0.37804
   0.85390  0.02911  0.36474
   0.82415  0.03800  0.33045
   0.79373  0.04786  0.27829
   0.76334  0.05806  0.16681
   0.73355  0.06753  0.08169
   0.70381  0.07512  0.04422
   0.67272  0.08089  0.08352
   0.64030  0.08539  0.13187
   0.60675  0.08895  0.17759
   0.57224  0.09162  0.22703
   0.53709  0.09345  0.27835
   0.50158  0.09450  0.33005
   0.46586  0.09477  0.38576
   0.43009  0.09438  0.43958
   0.39450  0.09331  0.49594
   0.35943  0.09160  0.55274
   0.32495  0.08925  0.61270
   0.29134  0.08634  0.67233
   0.25879  0.08290  0.73230
   0.22749  0.07895  0.79310
   0.19759  0.07457  0.85165
   0.16929  0.06983  0.90636
   0.14267  0.06481  0.95364
   0.11792  0.05962  0.98799
   0.09513  0.05419  0.99967
   0.07444  0.04852  0.96865
   0.05604  0.04262  0.85724
   0.04004  0.03657  0.59449
   0.02652  0.03046  0.01330
   0.01561  0.02424 -1.31103
   0.00752  0.01776 -4.41968
   0.00240  0.01068 -9.97736
   0.00021  0.00328-15.84576
   0.00000  0.00000-21.35794
   0.00022 -0.00211-25.54251
   0.00228 -0.00692-31.35708
   0.00742 -0.01079-28.35867
   0.01594 -0.01445-26.08640
   0.02787 -0.01803-25.16901
   0.04298 -0.02148-24.45832
   0.06095 -0.02482-23.94082
   0.08165 -0.02803-23.59540
   0.10491 -0.03108-23.33298
   0.13056 -0.03393-23.11780
   0.15846 -0.03656-22.94005
   0.18839 -0.03896-22.79347
   0.22017 -0.04111-22.66948
   0.25356 -0.04297-22.56057
   0.28831 -0.04453-22.46517
   0.32415 -0.04578-22.38049
   0.36089 -0.04668-22.30709
   0.39836 -0.04717-22.23707
   0.43634 -0.04722-22.16929
   0.47450 -0.04682-22.10375
   0.51266 -0.04601-22.02300
   0.55059 -0.04475-22.02743
   0.58796 -0.04292-21.90607
   0.62451 -0.04047-21.86014
   0.65994 -0.03722-21.72197
   0.69413 -0.03288-21.67559
   0.72715 -0.02620-21.45181
   0.76214 -0.01803-21.23036
   0.79751 -0.01174-21.14068
   0.83156 -0.00702-20.98618
   0.86360 -0.00364-21.03316
   0.89285 -0.00153-20.93044
   0.91906 -0.00043-20.85901
   0.94172  0.00004-21.01207
   0.96070  0.00018-21.09991
   0.97600  0.00018-21.11237
   0.98761  0.00012-21.06404
   0.99551 -0.00002-21.05899
   1.00001 -0.00020-21.06203
