pane                                            
 Alfa =  29.00000 Re = 19899914.000 Xflap,Yflap =     0.000000    0.000000
#    x        y        Cp  
   1.00000  0.00020 -0.66619
   0.99795  0.00039 -0.66655
   0.99200  0.00109 -0.66760
   0.98231  0.00234 -0.66929
   0.96892  0.00426 -0.67164
   0.95201  0.00701 -0.67463
   0.93169  0.01071 -0.67825
   0.90822  0.01554 -0.68248
   0.88218  0.02162 -0.68726
   0.85390  0.02911 -0.69255
   0.82415  0.03800 -0.69825
   0.79373  0.04786 -0.70423
   0.76334  0.05806 -0.71037
   0.73355  0.06753 -0.71658
   0.70381  0.07512 -0.72308
   0.67272  0.08089 -0.73034
   0.64030  0.08539 -0.73847
   0.60675  0.08895 -0.74750
   0.57224  0.09162 -0.75750
   0.53709  0.09345 -0.76853
   0.50158  0.09450 -0.78064
   0.46586  0.09477 -0.79396
   0.43009  0.09438 -0.80861
   0.39450  0.09331 -0.82473
   0.35943  0.09160 -0.84246
   0.32495  0.08925 -0.86206
   0.29134  0.08634 -0.88377
   0.25879  0.08290 -0.90792
   0.22749  0.07895 -0.93498
   0.19759  0.07457 -0.96553
   0.16929  0.06983 -1.00038
   0.14267  0.06481 -1.04075
   0.11792  0.05962 -1.08839
   0.09513  0.05419 -1.14656
   0.07444  0.04852 -1.22103
   0.05604  0.04262 -1.32274
   0.04004  0.03657 -1.47173
   0.02652  0.03046 -1.65027
   0.01561  0.02424 -1.85214
   0.00752  0.01776 -4.65750
   0.00240  0.01068 -6.88527
   0.00021  0.00328 -6.84355
   0.00000  0.00000 -7.34640
   0.00022 -0.00211 -7.56548
   0.00228 -0.00692 -5.87539
   0.00742 -0.01079 -1.19507
   0.01594 -0.01445  0.20561
   0.02787 -0.01803  0.73216
   0.04298 -0.02148  0.92951
   0.06095 -0.02482  0.99284
   0.08165 -0.02803  0.99686
   0.10491 -0.03108  0.97150
   0.13056 -0.03393  0.93100
   0.15846 -0.03656  0.88256
   0.18839 -0.03896  0.83025
   0.22017 -0.04111  0.77540
   0.25356 -0.04297  0.71978
   0.28831 -0.04453  0.66370
   0.32415 -0.04578  0.60717
   0.36089 -0.04668  0.54946
   0.39836 -0.04717  0.49263
   0.43634 -0.04722  0.43574
   0.47450 -0.04682  0.38047
   0.51266 -0.04601  0.32286
   0.55059 -0.04475  0.26025
   0.58796 -0.04292  0.20010
   0.62451 -0.04047  0.13437
   0.65994 -0.03722  0.07466
   0.69413 -0.03288 -0.00855
   0.72715 -0.02620  0.06529
   0.76214 -0.01803  0.21643
   0.79751 -0.01174  0.20583
   0.83156 -0.00702  0.18721
   0.86360 -0.00364  0.15701
   0.89285 -0.00153  0.10808
   0.91906 -0.00043  0.03597
   0.94172  0.00004 -0.04895
   0.96070  0.00018 -0.13756
   0.97600  0.00018 -0.22935
   0.98761  0.00012 -0.29881
   0.99551 -0.00002 -0.38280
   1.00001 -0.00020 -0.66619
