pane                                            
 Alfa = -18.50000 Re = 19899914.000 Xflap,Yflap =     0.000000    0.000000
#    x        y        Cp  
   1.00000  0.00020  0.28657
   0.99795  0.00039  0.32306
   0.99200  0.00109  0.33263
   0.98231  0.00234  0.34094
   0.96892  0.00426  0.35148
   0.95201  0.00701  0.35817
   0.93169  0.01071  0.36586
   0.90822  0.01554  0.36832
   0.88218  0.02162  0.36375
   0.85390  0.02911  0.34879
   0.82415  0.03800  0.31213
   0.79373  0.04786  0.25680
   0.76334  0.05806  0.13954
   0.73355  0.06753  0.04935
   0.70381  0.07512  0.00795
   0.67272  0.08089  0.04562
   0.64030  0.08539  0.09285
   0.60675  0.08895  0.13733
   0.57224  0.09162  0.18576
   0.53709  0.09345  0.23618
   0.50158  0.09450  0.28716
   0.46586  0.09477  0.34222
   0.43009  0.09438  0.39563
   0.39450  0.09331  0.45160
   0.35943  0.09160  0.50837
   0.32495  0.08925  0.56891
   0.29134  0.08634  0.62920
   0.25879  0.08290  0.69046
   0.22749  0.07895  0.75354
   0.19759  0.07457  0.81532
   0.16929  0.06983  0.87480
   0.14267  0.06481  0.92860
   0.11792  0.05962  0.97229
   0.09513  0.05419  0.99803
   0.07444  0.04852  0.98853
   0.05604  0.04262  0.91071
   0.04004  0.03657  0.70105
   0.02652  0.03046  0.21304
   0.01561  0.02424 -0.93468
   0.00752  0.01776 -3.68845
   0.00240  0.01068 -8.73398
   0.00021  0.00328-14.22424
   0.00000  0.00000-19.36046
   0.00022 -0.00211-23.30557
   0.00228 -0.00692-29.23064
   0.00742 -0.01079-26.26293
   0.01594 -0.01445-24.19886
   0.02787 -0.01803-23.22676
   0.04298 -0.02148-22.54593
   0.06095 -0.02482-16.40961
   0.08165 -0.02803-16.02899
   0.10491 -0.03108-15.61255
   0.13056 -0.03393-15.28233
   0.15846 -0.03656-15.01066
   0.18839 -0.03896-14.78806
   0.22017 -0.04111-14.60051
   0.25356 -0.04297-14.43668
   0.28831 -0.04453-14.29482
   0.32415 -0.04578-14.17017
   0.36089 -0.04668-14.06354
   0.39836 -0.04717-13.96118
   0.43634 -0.04722-13.86565
   0.47450 -0.04682-13.77243
   0.51266 -0.04601-13.69207
   0.55059 -0.04475-13.62858
   0.58796 -0.04292-13.57280
   0.62451 -0.04047-13.48485
   0.65994 -0.03722-13.39324
   0.69413 -0.03288-13.35916
   0.72715 -0.02620-13.02431
   0.76214 -0.01803-12.58343
   0.79751 -0.01174-12.46810
   0.83156 -0.00702-12.29663
   0.86360 -0.00364-12.28469
   0.89285 -0.00153-12.21003
   0.91906 -0.00043-12.26232
   0.94172  0.00004-12.29009
   0.96070  0.00018-12.28000
   0.97600  0.00018-12.23529
   0.98761  0.00012-12.20180
   0.99551 -0.00002-12.16870
   1.00001 -0.00020-12.18004
