pane                                            
 Alfa = -15.00000 Re = 19899914.000 Xflap,Yflap =     0.000000    0.000000
#    x        y        Cp  
   1.00000  0.00020  0.26008
   0.99795  0.00039  0.29380
   0.99200  0.00109  0.30122
   0.98231  0.00234  0.30687
   0.96892  0.00426  0.31503
   0.95201  0.00701  0.31850
   0.93169  0.01071  0.32291
   0.90822  0.01554  0.32154
   0.88218  0.02162  0.31238
   0.85390  0.02911  0.29158
   0.82415  0.03800  0.24635
   0.79373  0.04786  0.17927
   0.76334  0.05806  0.04313
   0.73355  0.06753 -0.06822
   0.70381  0.07512 -0.12328
   0.67272  0.08089 -0.09200
   0.64030  0.08539 -0.04938
   0.60675  0.08895 -0.01021
   0.57224  0.09162  0.03375
   0.53709  0.09345  0.07994
   0.50158  0.09450  0.12675
   0.46586  0.09477  0.17887
   0.43009  0.09438  0.22859
   0.39450  0.09331  0.28199
   0.35943  0.09160  0.33643
   0.32495  0.08925  0.39624
   0.29134  0.08634  0.45647
   0.25879  0.08290  0.51940
   0.22749  0.07895  0.58665
   0.19759  0.07457  0.65546
   0.16929  0.06983  0.72624
   0.14267  0.06481  0.79681
   0.11792  0.05962  0.86470
   0.09513  0.05419  0.92866
   0.07444  0.04852  0.97986
   0.05604  0.04262  0.99970
   0.04004  0.03657  0.94984
   0.02652  0.03046  0.74296
   0.01561  0.02424  0.14295
   0.00752  0.01776 -1.49033
   0.00240  0.01068 -4.84793
   0.00021  0.00328 -8.96647
   0.00000  0.00000-12.76435
   0.00022 -0.00211-15.78391
   0.00228 -0.00692-21.09228
   0.00742 -0.01079-19.44597
   0.01594 -0.01445-17.98370
   0.02787 -0.01803-17.40881
   0.04298 -0.02148-16.96625
   0.06095 -0.02482-16.67887
   0.08165 -0.02803-16.46879
   0.10491 -0.03108-16.30922
   0.13056 -0.03393-16.18095
   0.15846 -0.03656-16.07453
   0.18839 -0.03896-15.98680
   0.22017 -0.04111-15.91330
   0.25356 -0.04297-15.84812
   0.28831 -0.04453-15.79176
   0.32415 -0.04578-15.74265
   0.36089 -0.04668-15.70022
   0.39836 -0.04717-15.65855
   0.43634 -0.04722-15.61954
   0.47450 -0.04682-15.58132
   0.51266 -0.04601-15.54840
   0.55059 -0.04475-15.52211
   0.58796 -0.04292-15.49248
   0.62451 -0.04047-15.46893
   0.65994 -0.03722-15.44087
   0.69413 -0.03288-15.40284
   0.72715 -0.02620-15.24636
   0.76214 -0.01803-15.06787
   0.79751 -0.01174-15.02244
   0.83156 -0.00702-14.94808
   0.86360 -0.00364-14.94802
   0.89285 -0.00153-14.90825
   0.91906 -0.00043-14.89387
   0.94172  0.00004-14.89875
   0.96070  0.00018-14.89431
   0.97600  0.00018-14.89859
   0.98761  0.00012-14.86173
   0.99551 -0.00002-14.84969
   1.00001 -0.00020-14.86090
