pane                                            
 Alfa =  28.75000 Re = 19899914.000 Xflap,Yflap =     0.000000    0.000000
#    x        y        Cp  
   1.00000  0.00020 -0.66290
   0.99795  0.00039 -0.66328
   0.99200  0.00109 -0.66436
   0.98231  0.00234 -0.66614
   0.96892  0.00426 -0.66859
   0.95201  0.00701 -0.67171
   0.93169  0.01071 -0.67549
   0.90822  0.01554 -0.67990
   0.88218  0.02162 -0.68489
   0.85390  0.02911 -0.69042
   0.82415  0.03800 -0.69638
   0.79373  0.04786 -0.70264
   0.76334  0.05806 -0.70908
   0.73355  0.06753 -0.71560
   0.70381  0.07512 -0.72243
   0.67272  0.08089 -0.73008
   0.64030  0.08539 -0.73865
   0.60675  0.08895 -0.74819
   0.57224  0.09162 -0.75878
   0.53709  0.09345 -0.77048
   0.50158  0.09450 -0.78336
   0.46586  0.09477 -0.79756
   0.43009  0.09438 -0.81321
   0.39450  0.09331 -0.83050
   0.35943  0.09160 -0.84957
   0.32495  0.08925 -0.87074
   0.29134  0.08634 -0.89428
   0.25879  0.08290 -0.92058
   0.22749  0.07895 -0.95017
   0.19759  0.07457 -0.98375
   0.16929  0.06983 -1.02220
   0.14267  0.06481 -1.06686
   0.11792  0.05962 -1.11960
   0.09513  0.05419 -1.18382
   0.07444  0.04852 -1.26564
   0.05604  0.04262 -1.38319
   0.04004  0.03657 -1.59889
   0.02652  0.03046 -1.85025
   0.01561  0.02424 -2.94077
   0.00752  0.01776 -5.78612
   0.00240  0.01068 -7.95844
   0.00021  0.00328 -7.75678
   0.00000  0.00000 -8.29584
   0.00022 -0.00211 -8.49987
   0.00228 -0.00692 -6.64057
   0.00742 -0.01079 -1.44831
   0.01594 -0.01445  0.10320
   0.02787 -0.01803  0.68895
   0.04298 -0.02148  0.91241
   0.06095 -0.02482  0.98827
   0.08165 -0.02803  0.99868
   0.10491 -0.03108  0.97669
   0.13056 -0.03393  0.93797
   0.15846 -0.03656  0.89079
   0.18839 -0.03896  0.83874
   0.22017 -0.04111  0.78434
   0.25356 -0.04297  0.72871
   0.28831 -0.04453  0.67274
   0.32415 -0.04578  0.61623
   0.36089 -0.04668  0.55880
   0.39836 -0.04717  0.50180
   0.43634 -0.04722  0.44541
   0.47450 -0.04682  0.38987
   0.51266 -0.04601  0.33273
   0.55059 -0.04475  0.27049
   0.58796 -0.04292  0.21068
   0.62451 -0.04047  0.14540
   0.65994 -0.03722  0.08619
   0.69413 -0.03288  0.00369
   0.72715 -0.02620  0.07674
   0.76214 -0.01803  0.22519
   0.79751 -0.01174  0.21532
   0.83156 -0.00702  0.19695
   0.86360 -0.00364  0.16711
   0.89285 -0.00153  0.11879
   0.91906 -0.00043  0.04767
   0.94172  0.00004 -0.03607
   0.96070  0.00018 -0.12347
   0.97600  0.00018 -0.21384
   0.98761  0.00012 -0.28223
   0.99551 -0.00002 -0.36568
   1.00001 -0.00020 -0.64433
