pane                                            
 Alfa = -17.00000 Re = 19899914.000 Xflap,Yflap =     0.000000    0.000000
#    x        y        Cp  
   1.00000  0.00020  0.27646
   0.99795  0.00039  0.31151
   0.99200  0.00109  0.32012
   0.98231  0.00234  0.32692
   0.96892  0.00426  0.33623
   0.95201  0.00701  0.34146
   0.93169  0.01071  0.34763
   0.90822  0.01554  0.34843
   0.88218  0.02162  0.34188
   0.85390  0.02911  0.32444
   0.82415  0.03800  0.28414
   0.79373  0.04786  0.22386
   0.76334  0.05806  0.09820
   0.73355  0.06753 -0.00035
   0.70381  0.07512 -0.04768
   0.67272  0.08089 -0.01261
   0.64030  0.08539  0.03277
   0.60675  0.08895  0.07519
   0.57224  0.09162  0.12182
   0.53709  0.09345  0.17069
   0.50158  0.09450  0.22007
   0.46586  0.09477  0.27422
   0.43009  0.09438  0.32630
   0.39450  0.09331  0.38149
   0.35943  0.09160  0.43774
   0.32495  0.08925  0.49824
   0.29134  0.08634  0.55915
   0.25879  0.08290  0.62169
   0.22749  0.07895  0.68723
   0.19759  0.07457  0.75298
   0.16929  0.06983  0.81810
   0.14267  0.06481  0.88055
   0.11792  0.05962  0.93616
   0.09513  0.05419  0.98052
   0.07444  0.04852  1.00000
   0.05604  0.04262  0.96808
   0.04004  0.03657  0.83284
   0.02652  0.03046  0.47437
   0.01561  0.02424 -0.42149
   0.00752  0.01776 -2.66682
   0.00240  0.01068 -6.95387
   0.00021  0.00328-11.83249
   0.00000  0.00000-16.36153
   0.00022 -0.00211-19.87338
   0.00228 -0.00692-25.36296
   0.00742 -0.01079-21.88988
   0.01594 -0.01445-19.47231
   0.02787 -0.01803-18.38730
   0.04298 -0.02148-17.61227
   0.06095 -0.02482-17.08520
   0.08165 -0.02803-16.71010
   0.10491 -0.03108-16.42682
   0.13056 -0.03393-16.19831
   0.15846 -0.03656-16.00943
   0.18839 -0.03896-15.85414
   0.22017 -0.04111-15.72350
   0.25356 -0.04297-15.60886
   0.28831 -0.04453-15.50970
   0.32415 -0.04578-15.42288
   0.36089 -0.04668-15.34775
   0.39836 -0.04717-15.27546
   0.43634 -0.04722-15.20798
   0.47450 -0.04682-15.14229
   0.51266 -0.04601-15.08448
   0.55059 -0.04475-15.03831
   0.58796 -0.04292-14.98910
   0.62451 -0.04047-14.94098
   0.65994 -0.03722-14.88568
   0.69413 -0.03288-14.86217
   0.72715 -0.02620-14.62023
   0.76214 -0.01803-14.31855
   0.79751 -0.01174-14.22477
   0.83156 -0.00702-14.15617
   0.86360 -0.00364-14.07898
   0.89285 -0.00153-14.00572
   0.91906 -0.00043-14.04535
   0.94172  0.00004-14.05379
   0.96070  0.00018-14.02644
   0.97600  0.00018-13.99787
   0.98761  0.00012-13.96733
   0.99551 -0.00002-13.94245
   1.00001 -0.00020-13.95208
