pane                                            
 Alfa = -14.50000 Re = 19899914.000 Xflap,Yflap =     0.000000    0.000000
#    x        y        Cp  
   1.00000  0.00020  0.26318
   0.99795  0.00039  0.29548
   0.99200  0.00109  0.30202
   0.98231  0.00234  0.30622
   0.96892  0.00426  0.31324
   0.95201  0.00701  0.31584
   0.93169  0.01071  0.31936
   0.90822  0.01554  0.31720
   0.88218  0.02162  0.30718
   0.85390  0.02911  0.28546
   0.82415  0.03800  0.23895
   0.79373  0.04786  0.17017
   0.76334  0.05806  0.03194
   0.73355  0.06753 -0.08285
   0.70381  0.07512 -0.13971
   0.67272  0.08089 -0.10958
   0.64030  0.08539 -0.06783
   0.60675  0.08895 -0.02960
   0.57224  0.09162  0.01346
   0.53709  0.09345  0.05884
   0.50158  0.09450  0.10488
   0.46586  0.09477  0.15622
   0.43009  0.09438  0.20535
   0.39450  0.09331  0.25790
   0.35943  0.09160  0.31185
   0.32495  0.08925  0.37112
   0.29134  0.08634  0.43098
   0.25879  0.08290  0.49365
   0.22749  0.07895  0.56103
   0.19759  0.07457  0.63022
   0.16929  0.06983  0.70174
   0.14267  0.06481  0.77394
   0.11792  0.05962  0.84370
   0.09513  0.05419  0.91165
   0.07444  0.04852  0.96906
   0.05604  0.04262  0.99955
   0.04004  0.03657  0.96765
   0.02652  0.03046  0.79328
   0.01561  0.02424  0.25779
   0.00752  0.01776 -1.24016
   0.00240  0.01068 -4.38275
   0.00021  0.00328 -8.29983
   0.00000  0.00000-11.90687
   0.00022 -0.00211-14.76119
   0.00228 -0.00692-19.70064
   0.00742 -0.01079-16.77173
   0.01594 -0.01445-14.71624
   0.02787 -0.01803-13.77334
   0.04298 -0.02148-13.11686
   0.06095 -0.02482-12.68424
   0.08165 -0.02803-12.36799
   0.10491 -0.03108-12.12996
   0.13056 -0.03393-11.93935
   0.15846 -0.03656-11.78190
   0.18839 -0.03896-11.65239
   0.22017 -0.04111-11.54427
   0.25356 -0.04297-11.44913
   0.28831 -0.04453-11.36683
   0.32415 -0.04578-11.29561
   0.36089 -0.04668-11.23504
   0.39836 -0.04717-11.17562
   0.43634 -0.04722-11.11973
   0.47450 -0.04682-11.06521
   0.51266 -0.04601-11.01820
   0.55059 -0.04475-10.98172
   0.58796 -0.04292-10.94027
   0.62451 -0.04047-10.90691
   0.65994 -0.03722-10.86367
   0.69413 -0.03288-10.84207
   0.72715 -0.02620-10.61775
   0.76214 -0.01803-10.30844
   0.79751 -0.01174-10.24176
   0.83156 -0.00702-10.18108
   0.86360 -0.00364-10.12198
   0.89285 -0.00153-10.08815
   0.91906 -0.00043-10.07176
   0.94172  0.00004-10.08129
   0.96070  0.00018-10.06225
   0.97600  0.00018-10.04911
   0.98761  0.00012-10.01414
   0.99551 -0.00002 -9.99313
   1.00001 -0.00020-10.01251
