pane                                            
 Alfa = -17.50000 Re = 19899914.000 Xflap,Yflap =     0.000000    0.000000
#    x        y        Cp  
   1.00000  0.00020  0.27803
   0.99795  0.00039  0.31398
   0.99200  0.00109  0.32309
   0.98231  0.00234  0.33050
   0.96892  0.00426  0.34036
   0.95201  0.00701  0.34623
   0.93169  0.01071  0.35297
   0.90822  0.01554  0.35439
   0.88218  0.02162  0.34853
   0.85390  0.02911  0.33196
   0.82415  0.03800  0.29287
   0.79373  0.04786  0.23424
   0.76334  0.05806  0.11126
   0.73355  0.06753  0.01552
   0.70381  0.07512 -0.02988
   0.67272  0.08089  0.00613
   0.64030  0.08539  0.05219
   0.60675  0.08895  0.09534
   0.57224  0.09162  0.14265
   0.53709  0.09345  0.19204
   0.50158  0.09450  0.24203
   0.46586  0.09477  0.29658
   0.43009  0.09438  0.34905
   0.39450  0.09331  0.40473
   0.35943  0.09160  0.46107
   0.32495  0.08925  0.52179
   0.29134  0.08634  0.58253
   0.25879  0.08290  0.64487
   0.22749  0.07895  0.70961
   0.19759  0.07457  0.77426
   0.16929  0.06983  0.83769
   0.14267  0.06481  0.89756
   0.11792  0.05962  0.94955
   0.09513  0.05419  0.98818
   0.07444  0.04852  0.99875
   0.05604  0.04262  0.95262
   0.04004  0.03657  0.79436
   0.02652  0.03046  0.39531
   0.01561  0.02424 -0.57881
   0.00752  0.01776 -2.98149
   0.00240  0.01068 -7.50238
   0.00021  0.00328-12.55999
   0.00000  0.00000-17.27068
   0.00022 -0.00211-20.86612
   0.00228 -0.00692-26.30688
   0.00742 -0.01079-24.13151
   0.01594 -0.01445-22.33302
   0.02787 -0.01803-21.63886
   0.04298 -0.02148-21.08967
   0.06095 -0.02482-20.70407
   0.08165 -0.02803-20.44151
   0.10491 -0.03108-20.24102
   0.13056 -0.03393-20.07779
   0.15846 -0.03656-19.94209
   0.18839 -0.03896-19.83076
   0.22017 -0.04111-19.73645
   0.25356 -0.04297-19.65343
   0.28831 -0.04453-19.58133
   0.32415 -0.04578-19.51750
   0.36089 -0.04668-19.46194
   0.39836 -0.04717-19.40838
   0.43634 -0.04722-19.35843
   0.47450 -0.04682-19.30934
   0.51266 -0.04601-19.26547
   0.55059 -0.04475-19.24353
   0.58796 -0.04292-19.11772
   0.62451 -0.04047-19.18893
   0.65994 -0.03722-19.10921
   0.69413 -0.03288-19.11032
   0.72715 -0.02620-18.94376
   0.76214 -0.01803-18.66601
   0.79751 -0.01174-18.59491
   0.83156 -0.00702-18.55218
   0.86360 -0.00364-18.53067
   0.89285 -0.00153-18.46702
   0.91906 -0.00043-18.49146
   0.94172  0.00004-18.51320
   0.96070  0.00018-18.49961
   0.97600  0.00018-18.47198
   0.98761  0.00012-18.46383
   0.99551 -0.00002-18.44522
   1.00001 -0.00020-18.44293
