foil                                            
 Alfa =   0.00000 Re =        0.000 Xflap,Yflap =     0.000000    0.000000
#    x        y        Cp  
   0.99999  0.03192  0.14479
   0.99320  0.03255  0.10947
   0.98124  0.03367  0.08258
   0.96722  0.03497  0.06127
   0.95164  0.03642  0.04360
   0.93515  0.03796  0.02804
   0.91832  0.03952  0.01391
   0.90165  0.04108  0.00383
   0.88555  0.04259 -0.02128
   0.86957  0.04397 -0.00912
   0.85323  0.04543 -0.01547
   0.83676  0.04698 -0.03292
   0.82008  0.04853 -0.03968
   0.80338  0.05010 -0.04739
   0.78673  0.05171 -0.06570
   0.77009  0.05328 -0.07225
   0.75337  0.05487 -0.08411
   0.73648  0.05646 -0.09685
   0.71952  0.05805 -0.10858
   0.70264  0.05960 -0.11608
   0.68598  0.06113 -0.13298
   0.66942  0.06260 -0.13905
   0.65293  0.06405 -0.15125
   0.63628  0.06548 -0.16369
   0.61953  0.06689 -0.17250
   0.60280  0.06826 -0.18491
   0.58594  0.06960 -0.19587
   0.56903  0.07090 -0.20531
   0.55219  0.07216 -0.21958
   0.53551  0.07335 -0.22938
   0.51891  0.07448 -0.23924
   0.50228  0.07557 -0.25321
   0.48558  0.07660 -0.26331
   0.46885  0.07758 -0.27588
   0.45220  0.07849 -0.28770
   0.43564  0.07932 -0.30004
   0.41927  0.08007 -0.31147
   0.40299  0.08075 -0.32484
   0.38674  0.08134 -0.33738
   0.37040  0.08186 -0.34903
   0.35406  0.08228 -0.36444
   0.33777  0.08260 -0.37659
   0.32153  0.08283 -0.39104
   0.30543  0.08293 -0.40563
   0.28948  0.08293 -0.42002
   0.27378  0.08279 -0.43506
   0.25833  0.08254 -0.45150
   0.24301  0.08215 -0.46806
   0.22785  0.08161 -0.48657
   0.21299  0.08092 -0.50488
   0.19864  0.08009 -0.52591
   0.18462  0.07908 -0.54677
   0.17094  0.07788 -0.56915
   0.15778  0.07650 -0.58970
   0.14520  0.07491 -0.60939
   0.13315  0.07310 -0.62090
   0.12178  0.07109 -0.62493
   0.11103  0.06887 -0.60936
   0.10079  0.06647 -0.59995
   0.09114  0.06392 -0.58582
   0.08217  0.06125 -0.55213
   0.07380  0.05848 -0.53804
   0.06589  0.05552 -0.47958
   0.05849  0.05245 -0.41001
   0.05157  0.04932 -0.36146
   0.04510  0.04609 -0.28589
   0.03909  0.04282 -0.21290
   0.03359  0.03955 -0.13113
   0.02862  0.03631 -0.04425
   0.02413  0.03310  0.04768
   0.02013  0.02998  0.14616
   0.01661  0.02697  0.24244
   0.01353  0.02409  0.33819
   0.01088  0.02133  0.44200
   0.00858  0.01869  0.54119
   0.00661  0.01617  0.63649
   0.00494  0.01375  0.72962
   0.00353  0.01143  0.81566
   0.00237  0.00919  0.89163
   0.00143  0.00703  0.95169
   0.00072  0.00497  0.99032
   0.00025  0.00301  0.99859
   0.00002  0.00111  0.96498
   0.00004 -0.00077  0.88253
   0.00030 -0.00266  0.75165
   0.00083 -0.00458  0.57226
   0.00165 -0.00651  0.35035
   0.00278 -0.00839  0.12821
   0.00425 -0.01020 -0.05053
   0.00602 -0.01192 -0.18692
   0.00810 -0.01356 -0.28145
   0.01050 -0.01512 -0.33432
   0.01323 -0.01661 -0.36755
   0.01632 -0.01804 -0.36618
   0.01981 -0.01945 -0.37314
   0.02377 -0.02083 -0.35221
   0.02827 -0.02220 -0.33725
   0.03339 -0.02356 -0.31800
   0.03929 -0.02496 -0.29365
   0.04620 -0.02640 -0.26953
   0.05433 -0.02793 -0.24564
   0.06390 -0.02954 -0.22631
   0.07502 -0.03124 -0.20716
   0.08773 -0.03302 -0.19275
   0.10180 -0.03485 -0.18405
   0.11690 -0.03671 -0.18119
   0.13265 -0.03855 -0.18265
   0.14873 -0.04033 -0.18921
   0.16490 -0.04202 -0.19656
   0.18106 -0.04361 -0.20594
   0.19714 -0.04507 -0.21491
   0.21311 -0.04639 -0.22303
   0.22898 -0.04758 -0.22684
   0.24479 -0.04863 -0.23059
   0.26066 -0.04955 -0.23178
   0.27671 -0.05036 -0.23223
   0.29289 -0.05105 -0.22949
   0.30918 -0.05163 -0.22840
   0.32555 -0.05210 -0.22401
   0.34199 -0.05247 -0.22018
   0.35848 -0.05274 -0.21686
   0.37503 -0.05291 -0.20957
   0.39161 -0.05301 -0.20654
   0.40814 -0.05301 -0.19999
   0.42461 -0.05293 -0.19335
   0.44110 -0.05279 -0.18914
   0.45775 -0.05257 -0.18061
   0.47454 -0.05228 -0.17667
   0.49140 -0.05192 -0.16655
   0.50822 -0.05152 -0.16472
   0.52496 -0.05104 -0.15185
   0.54170 -0.05053 -0.15101
   0.55857 -0.04994 -0.13972
   0.57554 -0.04931 -0.13411
   0.59250 -0.04863 -0.12631
   0.60948 -0.04791 -0.12057
   0.62651 -0.04713 -0.11013
   0.64357 -0.04633 -0.10614
   0.66062 -0.04548 -0.09520
   0.67766 -0.04460 -0.08860
   0.69478 -0.04368 -0.08087
   0.71192 -0.04274 -0.07319
   0.72900 -0.04176 -0.06381
   0.74605 -0.04076 -0.05415
   0.76310 -0.03975 -0.04929
   0.78014 -0.03870 -0.03510
   0.79718 -0.03766 -0.03006
   0.81433 -0.03659 -0.01849
   0.83153 -0.03551 -0.00941
   0.84877 -0.03444  0.00032
   0.86601 -0.03338  0.00795
   0.88328 -0.03233  0.01595
   0.90053 -0.03128  0.02462
   0.91780 -0.03023  0.03509
   0.93490 -0.02918  0.04600
   0.95151 -0.02817  0.05913
   0.96715 -0.02722  0.07425
   0.98120 -0.02636  0.09301
   0.99319 -0.02563  0.11564
   0.99999 -0.02521  0.14479
