NACA 24012                                      
 Alfa =  -5.00000 Re = 19899914.000 Xflap,Yflap =     0.000000    0.000000
#    x        y        Cp  
   1.00000  0.00126  0.21666
   0.99384  0.00229  0.20223
   0.98305  0.00407  0.16770
   0.97039  0.00614  0.14023
   0.95615  0.00843  0.11678
   0.94082  0.01087  0.09703
   0.92486  0.01337  0.08024
   0.90856  0.01587  0.06582
   0.89209  0.01837  0.05291
   0.87554  0.02084  0.04187
   0.85895  0.02328  0.03176
   0.84232  0.02568  0.02252
   0.82569  0.02805  0.01386
   0.80904  0.03038  0.00621
   0.79238  0.03268 -0.00127
   0.77572  0.03494 -0.00826
   0.75905  0.03716 -0.01479
   0.74238  0.03935 -0.02104
   0.72571  0.04150 -0.02726
   0.70904  0.04361 -0.03297
   0.69237  0.04568 -0.03878
   0.67570  0.04772 -0.04409
   0.65904  0.04971 -0.04955
   0.64237  0.05166 -0.05474
   0.62572  0.05357 -0.05991
   0.60907  0.05544 -0.06479
   0.59243  0.05726 -0.06997
   0.57580  0.05903 -0.07459
   0.55918  0.06075 -0.07947
   0.54258  0.06241 -0.08402
   0.52598  0.06403 -0.08856
   0.50941  0.06558 -0.09288
   0.49285  0.06708 -0.09684
   0.47632  0.06851 -0.10017
   0.45980  0.06988 -0.10249
   0.44331  0.07118 -0.10446
   0.42684  0.07240 -0.11166
   0.41041  0.07355 -0.12361
   0.39401  0.07461 -0.12547
   0.37764  0.07559 -0.12882
   0.36131  0.07648 -0.13247
   0.34503  0.07727 -0.13648
   0.32881  0.07796 -0.14008
   0.31266  0.07854 -0.14433
   0.29660  0.07901 -0.14884
   0.28069  0.07935 -0.15566
   0.26498  0.07956 -0.16304
   0.24951  0.07959 -0.16956
   0.23431  0.07943 -0.17438
   0.21936  0.07905 -0.17599
   0.20469  0.07843 -0.17398
   0.19029  0.07755 -0.16763
   0.17617  0.07639 -0.15584
   0.16235  0.07495 -0.13790
   0.14884  0.07320 -0.11323
   0.13566  0.07115 -0.08104
   0.12286  0.06879 -0.04102
   0.11046  0.06612  0.00750
   0.09855  0.06315  0.06472
   0.08719  0.05993  0.12990
   0.07649  0.05649  0.20320
   0.06655  0.05289  0.28168
   0.05746  0.04922  0.36588
   0.04929  0.04556  0.45106
   0.04204  0.04198  0.53740
   0.03569  0.03853  0.62036
   0.03017  0.03524  0.69966
   0.02538  0.03213  0.77418
   0.02123  0.02919  0.84033
   0.01763  0.02641  0.89881
   0.01450  0.02377  0.94648
   0.01179  0.02127  0.98090
   0.00943  0.01887  0.99859
   0.00739  0.01656  0.99492
   0.00564  0.01433  0.96288
   0.00414  0.01217  0.89547
   0.00288  0.01006  0.78141
   0.00186  0.00801  0.60807
   0.00106  0.00600  0.36447
   0.00049  0.00404  0.03809
   0.00014  0.00212 -0.35749
   0.00000  0.00028 -0.83251
   0.00008 -0.00154 -1.36681
   0.00039 -0.00339 -1.95601
   0.00098 -0.00524 -2.51186
   0.00185 -0.00706 -2.94858
   0.00302 -0.00881 -3.21326
   0.00448 -0.01047 -3.30118
   0.00623 -0.01204 -3.25586
   0.00824 -0.01352 -3.11879
   0.01054 -0.01491 -2.94786
   0.01313 -0.01623 -2.77417
   0.01604 -0.01749 -2.56035
   0.01932 -0.01870 -2.28584
   0.02302 -0.01987 -2.10662
   0.02724 -0.02101 -1.92806
   0.03207 -0.02213 -1.75415
   0.03767 -0.02324 -1.59125
   0.04422 -0.02435 -1.43116
   0.05194 -0.02546 -1.28649
   0.06105 -0.02658 -1.14724
   0.07173 -0.02771 -1.02371
   0.08403 -0.02884 -0.91401
   0.09781 -0.02995 -0.82138
   0.11276 -0.03105 -0.74502
   0.12853 -0.03214 -0.68568
   0.14480 -0.03320 -0.63870
   0.16135 -0.03425 -0.60424
   0.17803 -0.03528 -0.57803
   0.19474 -0.03627 -0.55915
   0.21141 -0.03723 -0.54573
   0.22801 -0.03813 -0.53613
   0.24452 -0.03897 -0.52929
   0.26092 -0.03973 -0.52373
   0.27723 -0.04038 -0.51833
   0.29346 -0.04093 -0.51103
   0.30966 -0.04135 -0.50006
   0.32588 -0.04167 -0.48738
   0.34214 -0.04187 -0.47412
   0.35845 -0.04198 -0.46015
   0.37480 -0.04199 -0.44573
   0.39118 -0.04191 -0.43151
   0.40761 -0.04174 -0.41677
   0.42408 -0.04150 -0.40245
   0.44057 -0.04117 -0.38793
   0.45710 -0.04078 -0.37344
   0.47366 -0.04031 -0.35942
   0.49024 -0.03978 -0.34511
   0.50684 -0.03919 -0.33110
   0.52347 -0.03853 -0.31714
   0.54012 -0.03782 -0.30351
   0.55678 -0.03705 -0.28995
   0.57346 -0.03624 -0.27610
   0.59016 -0.03537 -0.26292
   0.60686 -0.03445 -0.24951
   0.62358 -0.03349 -0.23636
   0.64031 -0.03248 -0.22299
   0.65704 -0.03143 -0.20982
   0.67379 -0.03033 -0.19667
   0.69054 -0.02920 -0.18336
   0.70729 -0.02802 -0.17009
   0.72404 -0.02681 -0.15664
   0.74080 -0.02556 -0.14291
   0.75756 -0.02427 -0.12910
   0.77432 -0.02294 -0.11496
   0.79107 -0.02157 -0.10045
   0.80782 -0.02017 -0.08538
   0.82456 -0.01873 -0.06979
   0.84130 -0.01726 -0.05362
   0.85802 -0.01575 -0.03605
   0.87472 -0.01420 -0.01799
   0.89137 -0.01261  0.00186
   0.90794 -0.01100  0.02332
   0.92435 -0.00936  0.04696
   0.94041 -0.00772  0.07323
   0.95584 -0.00610  0.10199
   0.97018 -0.00456  0.13361
   0.98293 -0.00317  0.16629
   0.99380 -0.00196  0.19969
   1.00000 -0.00126  0.21666
