NACA 24012                                      
 Alfa = -23.00000 Re = 19899914.000 Xflap,Yflap =     0.000000    0.000000
#    x        y        Cp  
   1.00000  0.00126 -0.51289
   0.99384  0.00229 -0.39899
   0.98305  0.00407 -0.38000
   0.97039  0.00614 -0.34623
   0.95615  0.00843 -0.31629
   0.94082  0.01087 -0.28845
   0.92486  0.01337 -0.26217
   0.90856  0.01587 -0.23787
   0.89209  0.01837 -0.21556
   0.87554  0.02084 -0.19472
   0.85895  0.02328 -0.17448
   0.84232  0.02568 -0.15589
   0.82569  0.02805 -0.13853
   0.80904  0.03038 -0.12087
   0.79238  0.03268 -0.10430
   0.77572  0.03494 -0.08896
   0.75905  0.03716 -0.07286
   0.74238  0.03935 -0.05808
   0.72571  0.04150 -0.04352
   0.70904  0.04361 -0.02877
   0.69237  0.04568 -0.01479
   0.67570  0.04772 -0.00055
   0.65904  0.04971  0.01305
   0.64237  0.05166  0.02705
   0.62572  0.05357  0.04010
   0.60907  0.05544  0.05440
   0.59243  0.05726  0.06731
   0.57580  0.05903  0.08148
   0.55918  0.06075  0.09442
   0.54258  0.06241  0.10878
   0.52598  0.06403  0.12224
   0.50941  0.06558  0.13660
   0.49285  0.06708  0.15103
   0.47632  0.06851  0.16551
   0.45980  0.06988  0.18059
   0.44331  0.07118  0.19574
   0.42684  0.07240  0.21161
   0.41041  0.07355  0.22771
   0.39401  0.07461  0.24456
   0.37764  0.07559  0.26192
   0.36131  0.07648  0.27992
   0.34503  0.07727  0.29838
   0.32881  0.07796  0.31824
   0.31266  0.07854  0.33794
   0.29660  0.07901  0.35881
   0.28069  0.07935  0.37957
   0.26498  0.07956  0.40073
   0.24951  0.07959  0.42395
   0.23431  0.07943  0.44908
   0.21936  0.07905  0.47754
   0.20469  0.07843  0.50855
   0.19029  0.07755  0.54298
   0.17617  0.07639  0.58075
   0.16235  0.07495  0.62195
   0.14884  0.07320  0.66554
   0.13566  0.07115  0.71268
   0.12286  0.06879  0.76107
   0.11046  0.06612  0.81022
   0.09855  0.06315  0.85838
   0.08719  0.05993  0.90414
   0.07649  0.05649  0.94408
   0.06655  0.05289  0.97559
   0.05746  0.04922  0.99523
   0.04929  0.04556  0.99946
   0.04204  0.04198  0.98520
   0.03569  0.03853  0.94980
   0.03017  0.03524  0.89011
   0.02538  0.03213  0.80376
   0.02123  0.02919  0.68773
   0.01763  0.02641  0.53509
   0.01450  0.02377  0.34536
   0.01179  0.02127  0.10895
   0.00943  0.01887 -0.18357
   0.00739  0.01656 -0.54052
   0.00564  0.01433 -0.97799
   0.00414  0.01217 -1.49347
   0.00288  0.01006 -2.12120
   0.00186  0.00801 -2.84889
   0.00106  0.00600 -3.67976
   0.00049  0.00404 -4.59294
   0.00014  0.00212 -5.53796
   0.00000  0.00028 -6.46116
   0.00008 -0.00154 -7.32716
   0.00039 -0.00339 -8.05560
   0.00098 -0.00524 -8.42842
   0.00185 -0.00706 -8.34478
   0.00302 -0.00881 -7.84901
   0.00448 -0.01047 -7.53618
   0.00623 -0.01204 -6.03867
   0.00824 -0.01352 -5.06095
   0.01054 -0.01491 -4.06042
   0.01313 -0.01623 -2.97615
   0.01604 -0.01749 -1.91839
   0.01932 -0.01870 -1.75337
   0.02302 -0.01987 -1.65515
   0.02724 -0.02101 -1.55750
   0.03207 -0.02213 -1.46522
   0.03767 -0.02324 -1.38226
   0.04422 -0.02435 -1.30893
   0.05194 -0.02546 -1.24372
   0.06105 -0.02658 -1.18505
   0.07173 -0.02771 -1.13181
   0.08403 -0.02884 -1.08351
   0.09781 -0.02995 -1.04004
   0.11276 -0.03105 -1.00128
   0.12853 -0.03214 -0.96696
   0.14480 -0.03320 -0.93660
   0.16135 -0.03425 -0.90965
   0.17803 -0.03528 -0.88559
   0.19474 -0.03627 -0.86396
   0.21141 -0.03723 -0.84440
   0.22801 -0.03813 -0.82659
   0.24452 -0.03897 -0.81030
   0.26092 -0.03973 -0.79531
   0.27723 -0.04038 -0.78145
   0.29346 -0.04093 -0.76857
   0.30966 -0.04135 -0.75652
   0.32588 -0.04167 -0.74517
   0.34214 -0.04187 -0.73444
   0.35845 -0.04198 -0.72426
   0.37480 -0.04199 -0.71458
   0.39118 -0.04191 -0.70535
   0.40761 -0.04174 -0.69654
   0.42408 -0.04150 -0.68811
   0.44057 -0.04117 -0.68003
   0.45710 -0.04078 -0.67227
   0.47366 -0.04031 -0.66481
   0.49024 -0.03978 -0.65762
   0.50684 -0.03919 -0.65070
   0.52347 -0.03853 -0.64402
   0.54012 -0.03782 -0.63755
   0.55678 -0.03705 -0.63130
   0.57346 -0.03624 -0.62525
   0.59016 -0.03537 -0.61938
   0.60686 -0.03445 -0.61368
   0.62358 -0.03349 -0.60815
   0.64031 -0.03248 -0.60277
   0.65704 -0.03143 -0.59754
   0.67379 -0.03033 -0.59245
   0.69054 -0.02920 -0.58748
   0.70729 -0.02802 -0.58264
   0.72404 -0.02681 -0.57792
   0.74080 -0.02556 -0.57332
   0.75756 -0.02427 -0.56882
   0.77432 -0.02294 -0.56442
   0.79107 -0.02157 -0.56011
   0.80782 -0.02017 -0.55590
   0.82456 -0.01873 -0.55178
   0.84130 -0.01726 -0.54775
   0.85802 -0.01575 -0.54380
   0.87472 -0.01420 -0.53992
   0.89137 -0.01261 -0.53613
   0.90794 -0.01100 -0.53242
   0.92435 -0.00936 -0.52882
   0.94041 -0.00772 -0.52535
   0.95584 -0.00610 -0.52206
   0.97018 -0.00456 -0.51905
   0.98293 -0.00317 -0.51640
   0.99380 -0.00196 -0.51416
   1.00000 -0.00126 -0.51289
