NACA 24012                                      
 Alfa =  -1.00000 Re = 19899914.000 Xflap,Yflap =     0.000000    0.000000
#    x        y        Cp  
   1.00000  0.00126  0.21823
   0.99384  0.00229  0.20036
   0.98305  0.00407  0.16340
   0.97039  0.00614  0.13068
   0.95615  0.00843  0.10146
   0.94082  0.01087  0.07587
   0.92486  0.01337  0.05337
   0.90856  0.01587  0.03348
   0.89209  0.01837  0.01543
   0.87554  0.02084 -0.00063
   0.85895  0.02328 -0.01556
   0.84232  0.02568 -0.02953
   0.82569  0.02805 -0.04285
   0.80904  0.03038 -0.05505
   0.79238  0.03268 -0.06714
   0.77572  0.03494 -0.07861
   0.75905  0.03716 -0.08969
   0.74238  0.03935 -0.10057
   0.72571  0.04150 -0.11128
   0.70904  0.04361 -0.12169
   0.69237  0.04568 -0.13223
   0.67570  0.04772 -0.14240
   0.65904  0.04971 -0.15262
   0.64237  0.05166 -0.16288
   0.62572  0.05357 -0.17315
   0.60907  0.05544 -0.18330
   0.59243  0.05726 -0.19375
   0.57580  0.05903 -0.20416
   0.55918  0.06075 -0.21469
   0.54258  0.06241 -0.22508
   0.52598  0.06403 -0.23605
   0.50941  0.06558 -0.24679
   0.49285  0.06708 -0.25784
   0.47632  0.06851 -0.26908
   0.45980  0.06988 -0.28050
   0.44331  0.07118 -0.29197
   0.42684  0.07240 -0.30394
   0.41041  0.07355 -0.31627
   0.39401  0.07461 -0.32812
   0.37764  0.07559 -0.34132
   0.36131  0.07648 -0.35413
   0.34503  0.07727 -0.36785
   0.32881  0.07796 -0.38126
   0.31266  0.07854 -0.39451
   0.29660  0.07901 -0.40862
   0.28069  0.07935 -0.42918
   0.26498  0.07956 -0.46889
   0.24951  0.07959 -0.48794
   0.23431  0.07943 -0.50955
   0.21936  0.07905 -0.52982
   0.20469  0.07843 -0.54763
   0.19029  0.07755 -0.56215
   0.17617  0.07639 -0.57121
   0.16235  0.07495 -0.57575
   0.14884  0.07320 -0.57246
   0.13566  0.07115 -0.56342
   0.12286  0.06879 -0.54509
   0.11046  0.06612 -0.51810
   0.09855  0.06315 -0.48266
   0.08719  0.05993 -0.43613
   0.07649  0.05649 -0.38185
   0.06655  0.05289 -0.31747
   0.05746  0.04922 -0.24665
   0.04929  0.04556 -0.16904
   0.04204  0.04198 -0.08679
   0.03569  0.03853 -0.00296
   0.03017  0.03524  0.08472
   0.02538  0.03213  0.17288
   0.02123  0.02919  0.25865
   0.01763  0.02641  0.34941
   0.01450  0.02377  0.43909
   0.01179  0.02127  0.52703
   0.00943  0.01887  0.61595
   0.00739  0.01656  0.70448
   0.00564  0.01433  0.78537
   0.00414  0.01217  0.86420
   0.00288  0.01006  0.92995
   0.00186  0.00801  0.97814
   0.00106  0.00600  0.99962
   0.00049  0.00404  0.98389
   0.00014  0.00212  0.92421
   0.00000  0.00028  0.80609
   0.00008 -0.00154  0.63691
   0.00039 -0.00339  0.39997
   0.00098 -0.00524  0.11428
   0.00185 -0.00706 -0.16811
   0.00302 -0.00881 -0.42062
   0.00448 -0.01047 -0.60579
   0.00623 -0.01204 -0.72941
   0.00824 -0.01352 -0.79801
   0.01054 -0.01491 -0.82632
   0.01313 -0.01623 -0.82222
   0.01604 -0.01749 -0.80470
   0.01932 -0.01870 -0.76928
   0.02302 -0.01987 -0.72925
   0.02724 -0.02101 -0.68307
   0.03207 -0.02213 -0.63419
   0.03767 -0.02324 -0.58563
   0.04422 -0.02435 -0.53889
   0.05194 -0.02546 -0.46480
   0.06105 -0.02658 -0.42035
   0.07173 -0.02771 -0.37762
   0.08403 -0.02884 -0.33760
   0.09781 -0.02995 -0.30312
   0.11276 -0.03105 -0.27573
   0.12853 -0.03214 -0.25549
   0.14480 -0.03320 -0.24175
   0.16135 -0.03425 -0.23353
   0.17803 -0.03528 -0.23005
   0.19474 -0.03627 -0.23039
   0.21141 -0.03723 -0.23296
   0.22801 -0.03813 -0.23731
   0.24452 -0.03897 -0.24347
   0.26092 -0.03973 -0.24946
   0.27723 -0.04038 -0.25516
   0.29346 -0.04093 -0.25786
   0.30966 -0.04135 -0.25768
   0.32588 -0.04167 -0.25488
   0.34214 -0.04187 -0.25122
   0.35845 -0.04198 -0.24650
   0.37480 -0.04199 -0.24118
   0.39118 -0.04191 -0.23536
   0.40761 -0.04174 -0.22886
   0.42408 -0.04150 -0.22234
   0.44057 -0.04117 -0.21548
   0.45710 -0.04078 -0.20829
   0.47366 -0.04031 -0.20098
   0.49024 -0.03978 -0.19358
   0.50684 -0.03919 -0.18610
   0.52347 -0.03853 -0.17834
   0.54012 -0.03782 -0.17080
   0.55678 -0.03705 -0.16296
   0.57346 -0.03624 -0.15499
   0.59016 -0.03537 -0.14735
   0.60686 -0.03445 -0.13920
   0.62358 -0.03349 -0.13131
   0.64031 -0.03248 -0.12309
   0.65704 -0.03143 -0.11491
   0.67379 -0.03033 -0.10666
   0.69054 -0.02920 -0.09819
   0.70729 -0.02802 -0.08964
   0.72404 -0.02681 -0.08093
   0.74080 -0.02556 -0.07170
   0.75756 -0.02427 -0.06267
   0.77432 -0.02294 -0.05299
   0.79107 -0.02157 -0.04309
   0.80782 -0.02017 -0.03256
   0.82456 -0.01873 -0.02161
   0.84130 -0.01726 -0.01005
   0.85802 -0.01575  0.00276
   0.87472 -0.01420  0.01601
   0.89137 -0.01261  0.03098
   0.90794 -0.01100  0.04735
   0.92435 -0.00936  0.06586
   0.94041 -0.00772  0.08698
   0.95584 -0.00610  0.11074
   0.97018 -0.00456  0.13835
   0.98293 -0.00317  0.16847
   0.99380 -0.00196  0.20245
   1.00000 -0.00126  0.21823
