x z                                             
 Alfa = -13.00000 Re = 19899914.000 Xflap,Yflap =     0.000000    0.000000
#    x        y        Cp  
   1.00000  0.00000  0.25889
   0.97779  0.00280  0.19836
   0.95049  0.00672  0.25460
   0.91312  0.01370  0.24664
   0.86653  0.02459  0.17172
   0.81175  0.03815  0.05063
   0.75000  0.05077  0.02486
   0.68267  0.06156  0.05981
   0.61126  0.07169  0.08181
   0.53737  0.08148  0.08068
   0.46264  0.09003  0.05575
   0.38874  0.09470  0.06690
   0.31733  0.09324  0.19686
   0.25000  0.08731  0.36965
   0.18826  0.07988  0.48734
   0.13347  0.06975  0.66372
   0.08688  0.05843  0.82611
   0.04952  0.04477  0.98160
   0.02221  0.03034  0.89751
   0.00559  0.01526 -0.45903
   0.00000  0.00000 -6.66057
   0.00559 -0.01332 -7.45371
   0.02221 -0.02641 -5.22416
   0.04952 -0.03699 -3.20670
   0.08688 -0.04673 -2.51066
   0.13347 -0.05474 -1.91749
   0.18826 -0.06141 -1.54117
   0.25000 -0.06720 -1.41808
   0.31733 -0.07008 -1.18642
   0.38874 -0.07045 -1.04883
   0.46264 -0.06735 -0.90800
   0.53737 -0.05945 -0.65776
   0.61126 -0.04794 -0.37220
   0.68267 -0.03626 -0.17842
   0.75000 -0.02655 -0.07160
   0.81175 -0.01812  0.02515
   0.86653 -0.01059  0.12372
   0.91312 -0.00538  0.18231
   0.95049 -0.00251  0.21566
   0.97779 -0.00102  0.23757
   1.00000  0.00000  0.25889
