x z                                             
 Alfa =  12.50000 Re = 19899914.000 Xflap,Yflap =     0.000000    0.000000
#    x        y        Cp  
   1.00000  0.00000  0.16004
   0.97779  0.00280  0.15445
   0.95049  0.00672  0.14599
   0.91312  0.01370  0.13671
   0.86653  0.02459  0.13910
   0.81175  0.03815  0.01173
   0.75000  0.05077 -0.19079
   0.68267  0.06156 -0.33263
   0.61126  0.07169 -0.47757
   0.53737  0.08148 -0.67510
   0.46264  0.09003 -0.97322
   0.38874  0.09470 -1.30453
   0.31733  0.09324 -1.44394
   0.25000  0.08731 -1.47049
   0.18826  0.07988 -1.79666
   0.13347  0.06975 -1.99234
   0.08688  0.05843 -2.59845
   0.04952  0.04477 -3.06877
   0.02221  0.03034 -4.10710
   0.00559  0.01526 -5.66884
   0.00000  0.00000 -4.93006
   0.00559 -0.01332 -0.15136
   0.02221 -0.02641  0.96392
   0.04952 -0.03699  0.94994
   0.08688 -0.04673  0.79219
   0.13347 -0.05474  0.64176
   0.18826 -0.06141  0.51672
   0.25000 -0.06720  0.36923
   0.31733 -0.07008  0.27517
   0.38874 -0.07045  0.17661
   0.46264 -0.06735  0.09383
   0.53737 -0.05945  0.09198
   0.61126 -0.04794  0.15456
   0.68267 -0.03626  0.20595
   0.75000 -0.02655  0.19226
   0.81175 -0.01812  0.17754
   0.86653 -0.01059  0.20893
   0.91312 -0.00538  0.20812
   0.95049 -0.00251  0.15308
   0.97779 -0.00102  0.02359
   1.00000  0.00000  0.16004
