x z                                             
 Alfa =  17.75000 Re = 19899914.000 Xflap,Yflap =     0.000000    0.000000
#    x        y        Cp  
   1.00000  0.00000  0.03724
   0.97779  0.00280  0.03087
   0.95049  0.00672  0.02174
   0.91312  0.01370  0.00939
   0.86653  0.02459 -0.00551
   0.81175  0.03815 -0.02258
   0.75000  0.05077 -0.04176
   0.68267  0.06156 -0.06754
   0.61126  0.07169 -0.26268
   0.53737  0.08148 -0.53747
   0.46264  0.09003 -0.90604
   0.38874  0.09470 -1.31926
   0.31733  0.09324 -1.55095
   0.25000  0.08731 -1.66471
   0.18826  0.07988 -2.11157
   0.13347  0.06975 -2.44792
   0.08688  0.05843 -3.31195
   0.04952  0.04477 -4.12135
   0.02221  0.03034 -5.85286
   0.00559  0.01526 -8.82291
   0.00000  0.00000 -9.40051
   0.00559 -0.01332 -1.88426
   0.02221 -0.02641  0.61064
   0.04952 -0.03699  0.99399
   0.08688 -0.04673  0.95251
   0.13347 -0.05474  0.83162
   0.18826 -0.06141  0.70708
   0.25000 -0.06720  0.56013
   0.31733 -0.07008  0.44716
   0.38874 -0.07045  0.33029
   0.46264 -0.06735  0.22478
   0.53737 -0.05945  0.18983
   0.61126 -0.04794  0.21988
   0.68267 -0.03626  0.23813
   0.75000 -0.02655  0.20658
   0.81175 -0.01812  0.16523
   0.86653 -0.01059  0.16913
   0.91312 -0.00538  0.13592
   0.95049 -0.00251  0.03332
   0.97779 -0.00102 -0.19947
   1.00000  0.00000  0.03724
