x z                                             
 Alfa =  11.12500 Re = 19899914.000 Xflap,Yflap =     0.000000    0.000000
#    x        y        Cp  
   1.00000  0.00000  0.19563
   0.97779  0.00280  0.19221
   0.95049  0.00672  0.18719
   0.91312  0.01370  0.18557
   0.86653  0.02459  0.12035
   0.81175  0.03815 -0.06336
   0.75000  0.05077 -0.25229
   0.68267  0.06156 -0.36880
   0.61126  0.07169 -0.49711
   0.53737  0.08148 -0.68134
   0.46264  0.09003 -0.96511
   0.38874  0.09470 -1.27732
   0.31733  0.09324 -1.39571
   0.25000  0.08731 -1.40236
   0.18826  0.07988 -1.69753
   0.13347  0.06975 -1.85811
   0.08688  0.05843 -2.39801
   0.04952  0.04477 -2.78556
   0.02221  0.03034 -3.65673
   0.00559  0.01526 -4.88888
   0.00000  0.00000 -3.91209
   0.00559 -0.01332  0.18730
   0.02221 -0.02641  0.99488
   0.04952 -0.03699  0.90688
   0.08688 -0.04673  0.72980
   0.13347 -0.05474  0.57909
   0.18826 -0.06141  0.45825
   0.25000 -0.06720  0.31317
   0.31733 -0.07008  0.22627
   0.38874 -0.07045  0.13404
   0.46264 -0.06735  0.05856
   0.53737 -0.05945  0.06614
   0.61126 -0.04794  0.13832
   0.68267 -0.03626  0.19747
   0.75000 -0.02655  0.19041
   0.81175 -0.01812  0.18321
   0.86653 -0.01059  0.22246
   0.91312 -0.00538  0.23031
   0.95049 -0.00251  0.18973
   0.97779 -0.00102  0.09221
   1.00000  0.00000  0.19563
