x z                                             
 Alfa =  13.62500 Re = 19899914.000 Xflap,Yflap =     0.000000    0.000000
#    x        y        Cp  
   1.00000  0.00000  0.12943
   0.97779  0.00280  0.12338
   0.95049  0.00672  0.11445
   0.91312  0.01370  0.10337
   0.86653  0.02459  0.09370
   0.81175  0.03815  0.06979
   0.75000  0.05077 -0.11954
   0.68267  0.06156 -0.28683
   0.61126  0.07169 -0.44938
   0.53737  0.08148 -0.65959
   0.46264  0.09003 -0.96989
   0.38874  0.09470 -1.31696
   0.31733  0.09324 -1.47419
   0.25000  0.08731 -1.51766
   0.18826  0.07988 -1.86909
   0.13347  0.06975 -2.09322
   0.08688  0.05843 -2.75268
   0.04952  0.04477 -3.29155
   0.02221  0.03034 -4.46742
   0.00559  0.01526 -6.30095
   0.00000  0.00000 -5.79103
   0.00559 -0.01332 -0.45758
   0.02221 -0.02641  0.92014
   0.04952 -0.03699  0.97448
   0.08688 -0.04673  0.83545
   0.13347 -0.05474  0.68753
   0.18826 -0.06141  0.56029
   0.25000 -0.06720  0.41158
   0.31733 -0.07008  0.31232
   0.38874 -0.07045  0.20894
   0.46264 -0.06735  0.12059
   0.53737 -0.05945  0.11122
   0.61126 -0.04794  0.16635
   0.68267 -0.03626  0.21145
   0.75000 -0.02655  0.19230
   0.81175 -0.01812  0.17121
   0.86653 -0.01059  0.19680
   0.91312 -0.00538  0.18806
   0.95049 -0.00251  0.12098
   0.97779 -0.00102 -0.03505
   1.00000  0.00000  0.12943
