x z                                             
 Alfa =  17.12500 Re = 19899914.000 Xflap,Yflap =     0.000000    0.000000
#    x        y        Cp  
   1.00000  0.00000  0.05709
   0.97779  0.00280  0.05104
   0.95049  0.00672  0.04235
   0.91312  0.01370  0.03081
   0.86653  0.02459  0.01732
   0.81175  0.03815  0.00287
   0.75000  0.05077  0.00184
   0.68267  0.06156 -0.11738
   0.61126  0.07169 -0.32745
   0.53737  0.08148 -0.58671
   0.46264  0.09003 -0.94186
   0.38874  0.09470 -1.34302
   0.31733  0.09324 -1.56125
   0.25000  0.08731 -1.66291
   0.18826  0.07988 -2.09725
   0.13347  0.06975 -2.41792
   0.08688  0.05843 -3.25639
   0.04952  0.04477 -4.03130
   0.02221  0.03034 -5.69030
   0.00559  0.01526 -8.51685
   0.00000  0.00000 -8.93144
   0.00559 -0.01332 -1.68629
   0.02221 -0.02641  0.66068
   0.04952 -0.03699  0.99764
   0.08688 -0.04673  0.94197
   0.13347 -0.05474  0.81642
   0.18826 -0.06141  0.69106
   0.25000 -0.06720  0.54360
   0.31733 -0.07008  0.43254
   0.38874 -0.07045  0.31745
   0.46264 -0.06735  0.21453
   0.53737 -0.05945  0.18320
   0.61126 -0.04794  0.21660
   0.68267 -0.03626  0.23883
   0.75000 -0.02655  0.20924
   0.81175 -0.01812  0.17161
   0.86653 -0.01059  0.17907
   0.91312 -0.00538  0.15036
   0.95049 -0.00251  0.05484
   0.97779 -0.00102 -0.16187
   1.00000  0.00000  0.05709
