x z                                             
 Alfa =  -8.50000 Re = 19899914.000 Xflap,Yflap =     0.000000    0.000000
#    x        y        Cp  
   1.00000  0.00000  0.28789
   0.99304  0.00085  0.22480
   0.98139  0.00233  0.22776
   0.96842  0.00406  0.23557
   0.95462  0.00607  0.24342
   0.94040  0.00841  0.24252
   0.92581  0.01112  0.23271
   0.91082  0.01419  0.21595
   0.89539  0.01763  0.19183
   0.87955  0.02138  0.16161
   0.86341  0.02537  0.12552
   0.84723  0.02944  0.08438
   0.83119  0.03346  0.04262
   0.81535  0.03730  0.00411
   0.79961  0.04089 -0.02229
   0.78384  0.04426 -0.03956
   0.76793  0.04743 -0.05038
   0.75181  0.05044 -0.05631
   0.73543  0.05330 -0.05724
   0.71877  0.05604 -0.05426
   0.70185  0.05868 -0.04961
   0.68468  0.06126 -0.04481
   0.66733  0.06380 -0.04227
   0.64986  0.06631 -0.04114
   0.63232  0.06878 -0.04104
   0.61475  0.07121 -0.04164
   0.59716  0.07361 -0.04374
   0.57957  0.07597 -0.04601
   0.56200  0.07830 -0.04999
   0.54450  0.08057 -0.07110
   0.52712  0.08277 -0.08287
   0.50990  0.08488 -0.09482
   0.49289  0.08686 -0.10854
   0.47611  0.08868 -0.12190
   0.45958  0.09032 -0.13519
   0.44329  0.09174 -0.14693
   0.42725  0.09293 -0.15615
   0.41143  0.09386 -0.16162
   0.39579  0.09451 -0.16199
   0.38029  0.09485 -0.15435
   0.36489  0.09490 -0.13923
   0.34951  0.09465 -0.11835
   0.33407  0.09412 -0.09262
   0.31844  0.09331 -0.06176
   0.30249  0.09221 -0.02310
   0.28605  0.09084  0.01930
   0.26915  0.08925  0.06145
   0.25199  0.08752  0.09900
   0.23505  0.08575  0.12274
   0.21871  0.08393  0.14227
   0.20300  0.08197  0.16443
   0.18773  0.07980  0.19509
   0.17253  0.07731  0.23962
   0.15713  0.07450  0.29049
   0.14163  0.07144  0.34346
   0.12656  0.06829  0.38872
   0.11252  0.06516  0.42921
   0.09968  0.06199  0.47467
   0.08789  0.05873  0.52817
   0.07692  0.05529  0.59114
   0.06673  0.05171  0.65835
   0.05747  0.04812  0.72510
   0.04930  0.04467  0.78667
   0.04221  0.04144  0.84138
   0.03610  0.03842  0.89037
   0.03080  0.03556  0.93268
   0.02614  0.03283  0.96667
   0.02200  0.03020  0.99004
   0.01830  0.02763  0.99993
   0.01502  0.02511  0.99114
   0.01215  0.02262  0.95641
   0.00966  0.02017  0.89117
   0.00753  0.01777  0.78845
   0.00571  0.01543  0.64544
   0.00418  0.01317  0.45566
   0.00292  0.01099  0.20493
   0.00190  0.00890 -0.10303
   0.00111  0.00688 -0.49238
   0.00053  0.00492 -0.92129
   0.00016  0.00301 -1.43367
  -0.00000  0.00113 -1.96934
   0.00005 -0.00075 -2.43035
   0.00032 -0.00262 -2.77695
   0.00080 -0.00453 -3.03368
   0.00151 -0.00647 -3.23628
   0.00244 -0.00845 -3.38308
   0.00361 -0.01050 -3.49421
   0.00504 -0.01260 -3.59227
   0.00675 -0.01474 -3.66429
   0.00876 -0.01690 -3.70774
   0.01110 -0.01906 -3.67624
   0.01381 -0.02120 -3.57481
   0.01689 -0.02332 -3.42401
   0.02036 -0.02539 -3.25612
   0.02422 -0.02744 -3.03704
   0.02854 -0.02947 -2.79533
   0.03343 -0.03151 -2.61253
   0.03906 -0.03360 -2.40962
   0.04565 -0.03579 -2.18911
   0.05342 -0.03817 -2.01099
   0.06252 -0.04076 -1.89625
   0.07286 -0.04346 -1.80367
   0.08412 -0.04612 -1.71916
   0.09611 -0.04862 -1.62443
   0.10894 -0.05096 -1.52133
   0.12277 -0.05318 -1.41682
   0.13768 -0.05532 -1.31989
   0.15355 -0.05739 -1.23960
   0.17006 -0.05937 -1.17165
   0.18687 -0.06126 -1.12039
   0.20364 -0.06305 -1.09672
   0.22017 -0.06471 -1.08531
   0.23643 -0.06616 -1.07696
   0.25251 -0.06737 -1.06113
   0.26859 -0.06834 -1.02922
   0.28487 -0.06909 -0.99198
   0.30143 -0.06967 -0.95376
   0.31826 -0.07010 -0.91922
   0.33524 -0.07041 -0.89522
   0.35223 -0.07059 -0.87584
   0.36910 -0.07062 -0.85874
   0.38580 -0.07049 -0.84232
   0.40233 -0.07019 -0.82606
   0.41870 -0.06970 -0.80876
   0.43495 -0.06902 -0.78889
   0.45109 -0.06813 -0.76584
   0.46717 -0.06701 -0.73670
   0.48320 -0.06566 -0.70139
   0.49923 -0.06408 -0.66138
   0.51530 -0.06227 -0.61753
   0.53148 -0.06024 -0.57030
   0.54784 -0.05799 -0.51805
   0.56446 -0.05551 -0.46277
   0.58139 -0.05285 -0.40683
   0.59861 -0.05004 -0.35192
   0.61602 -0.04714 -0.30033
   0.63346 -0.04423 -0.25324
   0.65079 -0.04136 -0.21096
   0.66797 -0.03858 -0.17378
   0.68503 -0.03590 -0.14203
   0.70210 -0.03333 -0.11608
   0.71927 -0.03084 -0.09343
   0.73659 -0.02840 -0.07237
   0.75405 -0.02599 -0.05220
   0.77159 -0.02361 -0.03162
   0.78910 -0.02123 -0.00985
   0.80652 -0.01884  0.01468
   0.82377 -0.01643  0.04332
   0.84080 -0.01405  0.07361
   0.85759 -0.01176  0.10252
   0.87413 -0.00964  0.12846
   0.89043 -0.00771  0.15089
   0.90649 -0.00602  0.17057
   0.92231 -0.00457  0.18718
   0.93789 -0.00335  0.20162
   0.95309 -0.00235  0.21542
   0.96766 -0.00153  0.22966
   0.98110 -0.00086  0.24597
   0.99297 -0.00031  0.26578
   1.00000  0.00000  0.28789
