x z                                             
 Alfa =  19.37500 Re = 19899914.000 Xflap,Yflap =     0.000000    0.000000
#    x        y        Cp  
   1.00000  0.00000 -0.05665
   0.99304  0.00085 -0.05885
   0.98139  0.00233 -0.06311
   0.96842  0.00406 -0.06793
   0.95462  0.00607 -0.07309
   0.94040  0.00841 -0.07838
   0.92581  0.01112 -0.08378
   0.91082  0.01419 -0.08929
   0.89539  0.01763 -0.09493
   0.87955  0.02138 -0.10070
   0.86341  0.02537 -0.10658
   0.84723  0.02944 -0.11248
   0.83119  0.03346 -0.11837
   0.81535  0.03730 -0.12428
   0.79961  0.04089 -0.13027
   0.78384  0.04426 -0.13639
   0.76793  0.04743 -0.14265
   0.75181  0.05044 -0.14905
   0.73543  0.05330 -0.15549
   0.71877  0.05604 -0.16177
   0.70185  0.05868 -0.16729
   0.68468  0.06126 -0.17015
   0.66733  0.06380 -0.16180
   0.64986  0.06631 -0.17408
   0.63232  0.06878 -0.20433
   0.61475  0.07121 -0.24649
   0.59716  0.07361 -0.29904
   0.57957  0.07597 -0.36029
   0.56200  0.07830 -0.42877
   0.54450  0.08057 -0.50343
   0.52712  0.08277 -0.58407
   0.50990  0.08488 -0.67061
   0.49289  0.08686 -0.76126
   0.47611  0.08868 -0.85572
   0.45958  0.09032 -0.95244
   0.44329  0.09174 -1.05127
   0.42725  0.09293 -1.14948
   0.41143  0.09386 -1.24631
   0.39579  0.09451 -1.33777
   0.38029  0.09485 -1.41990
   0.36489  0.09490 -1.49008
   0.34951  0.09465 -1.55302
   0.33407  0.09412 -1.60850
   0.31844  0.09331 -1.65543
   0.30249  0.09221 -1.69134
   0.28605  0.09084 -1.72489
   0.26915  0.08925 -1.76605
   0.25199  0.08752 -1.82472
   0.23505  0.08575 -1.92841
   0.21871  0.08393 -2.06225
   0.20300  0.08197 -2.19725
   0.18773  0.07980 -2.32944
   0.17253  0.07731 -2.43168
   0.15713  0.07450 -2.53733
   0.14163  0.07144 -2.66218
   0.12656  0.06829 -2.86240
   0.11252  0.06516 -3.13337
   0.09968  0.06199 -3.42987
   0.08789  0.05873 -3.71737
   0.07692  0.05529 -3.97406
   0.06673  0.05171 -4.23027
   0.05747  0.04812 -4.50685
   0.04930  0.04467 -4.80889
   0.04221  0.04144 -5.19776
   0.03610  0.03842 -5.59818
   0.03080  0.03556 -6.01812
   0.02614  0.03283 -6.44151
   0.02200  0.03020 -6.95893
   0.01830  0.02763 -7.55959
   0.01502  0.02511 -8.20523
   0.01215  0.02262 -8.77240
   0.00966  0.02017 -9.30146
   0.00753  0.01777 -9.64409
   0.00571  0.01543-10.20969
   0.00418  0.01317-10.59517
   0.00292  0.01099-10.96820
   0.00190  0.00890-11.29111
   0.00111  0.00688-11.70163
   0.00053  0.00492-11.76824
   0.00016  0.00301-11.86832
  -0.00000  0.00113-11.48960
   0.00005 -0.00075-10.67554
   0.00032 -0.00262 -9.59284
   0.00080 -0.00453 -8.17930
   0.00151 -0.00647 -6.82749
   0.00244 -0.00845 -5.68364
   0.00361 -0.01050 -4.55995
   0.00504 -0.01260 -3.58479
   0.00675 -0.01474 -2.75558
   0.00876 -0.01690 -2.00999
   0.01110 -0.01906 -1.35798
   0.01381 -0.02120 -0.81041
   0.01689 -0.02332 -0.34196
   0.02036 -0.02539  0.02986
   0.02422 -0.02744  0.31214
   0.02854 -0.02947  0.52005
   0.03343 -0.03151  0.68451
   0.03906 -0.03360  0.80839
   0.04565 -0.03579  0.89613
   0.05342 -0.03817  0.95397
   0.06252 -0.04076  0.98634
   0.07286 -0.04346  0.99947
   0.08412 -0.04612  0.99611
   0.09611 -0.04862  0.98174
   0.10894 -0.05096  0.95903
   0.12277 -0.05318  0.93162
   0.13768 -0.05532  0.90058
   0.15355 -0.05739  0.86808
   0.17006 -0.05937  0.83282
   0.18687 -0.06126  0.79918
   0.20364 -0.06305  0.76232
   0.22017 -0.06471  0.72595
   0.23643 -0.06616  0.68956
   0.25251 -0.06737  0.65531
   0.26859 -0.06834  0.62551
   0.28487 -0.06909  0.59717
   0.30143 -0.06967  0.57152
   0.31826 -0.07010  0.54496
   0.33524 -0.07041  0.51718
   0.35223 -0.07059  0.48927
   0.36910 -0.07062  0.46159
   0.38580 -0.07049  0.43505
   0.40233 -0.07019  0.40794
   0.41870 -0.06970  0.38430
   0.43495 -0.06902  0.36049
   0.45109 -0.06813  0.33923
   0.46717 -0.06701  0.32152
   0.48320 -0.06566  0.30693
   0.49923 -0.06408  0.29598
   0.51530 -0.06227  0.28783
   0.53148 -0.06024  0.28261
   0.54784 -0.05799  0.28100
   0.56446 -0.05551  0.28289
   0.58139 -0.05285  0.28654
   0.59861 -0.05004  0.29135
   0.61602 -0.04714  0.29620
   0.63346 -0.04423  0.30052
   0.65079 -0.04136  0.30302
   0.66797 -0.03858  0.30466
   0.68503 -0.03590  0.30340
   0.70210 -0.03333  0.29781
   0.71927 -0.03084  0.28996
   0.73659 -0.02840  0.28047
   0.75405 -0.02599  0.26953
   0.77159 -0.02361  0.25799
   0.78910 -0.02123  0.24746
   0.80652 -0.01884  0.23868
   0.82377 -0.01643  0.23561
   0.84080 -0.01405  0.23676
   0.85759 -0.01176  0.23688
   0.87413 -0.00964  0.23388
   0.89043 -0.00771  0.22652
   0.90649 -0.00602  0.21393
   0.92231 -0.00457  0.19202
   0.93789 -0.00335  0.16137
   0.95309 -0.00235  0.11816
   0.96766 -0.00153  0.05917
   0.98110 -0.00086 -0.01033
   0.99297 -0.00031 -0.10645
   1.00000  0.00000 -0.05665
