x z                                             
 Alfa =  13.50000 Re = 19899914.000 Xflap,Yflap =     0.000000    0.000000
#    x        y        Cp  
   1.00000  0.00000  0.14446
   0.99304  0.00085  0.14315
   0.98139  0.00233  0.13951
   0.96842  0.00406  0.13539
   0.95462  0.00607  0.13117
   0.94040  0.00841  0.12728
   0.92581  0.01112  0.12414
   0.91082  0.01419  0.12275
   0.89539  0.01763  0.12720
   0.87955  0.02138  0.12646
   0.86341  0.02537  0.10922
   0.84723  0.02944  0.08070
   0.83119  0.03346  0.04088
   0.81535  0.03730 -0.00807
   0.79961  0.04089 -0.06118
   0.78384  0.04426 -0.11441
   0.76793  0.04743 -0.16548
   0.75181  0.05044 -0.21271
   0.73543  0.05330 -0.25537
   0.71877  0.05604 -0.29356
   0.70185  0.05868 -0.32868
   0.68468  0.06126 -0.36249
   0.66733  0.06380 -0.39694
   0.64986  0.06631 -0.43274
   0.63232  0.06878 -0.47000
   0.61475  0.07121 -0.50914
   0.59716  0.07361 -0.55161
   0.57957  0.07597 -0.59695
   0.56200  0.07830 -0.64639
   0.54450  0.08057 -0.69975
   0.52712  0.08277 -0.75931
   0.50990  0.08488 -0.82489
   0.49289  0.08686 -0.89404
   0.47611  0.08868 -0.96780
   0.45958  0.09032 -1.04254
   0.44329  0.09174 -1.11807
   0.42725  0.09293 -1.19505
   0.41143  0.09386 -1.26834
   0.39579  0.09451 -1.33614
   0.38029  0.09485 -1.39352
   0.36489  0.09490 -1.43817
   0.34951  0.09465 -1.47542
   0.33407  0.09412 -1.50565
   0.31844  0.09331 -1.52744
   0.30249  0.09221 -1.53704
   0.28605  0.09084 -1.54344
   0.26915  0.08925 -1.55587
   0.25199  0.08752 -1.58593
   0.23505  0.08575 -1.65518
   0.21871  0.08393 -1.75306
   0.20300  0.08197 -1.84954
   0.18773  0.07980 -1.93858
   0.17253  0.07731 -1.99948
   0.15713  0.07450 -2.05392
   0.14163  0.07144 -2.12655
   0.12656  0.06829 -2.25529
   0.11252  0.06516 -2.44650
   0.09968  0.06199 -2.64571
   0.08789  0.05873 -2.83470
   0.07692  0.05529 -2.98651
   0.06673  0.05171 -3.13809
   0.05747  0.04812 -3.28478
   0.04930  0.04467 -3.45887
   0.04221  0.04144 -3.68514
   0.03610  0.03842 -3.92022
   0.03080  0.03556 -4.15928
   0.02614  0.03283 -4.38458
   0.02200  0.03020 -4.65074
   0.01830  0.02763 -4.97695
   0.01502  0.02511 -5.45029
   0.01215  0.02262 -5.74254
   0.00966  0.02017 -5.92300
   0.00753  0.01777 -6.10784
   0.00571  0.01543 -6.21037
   0.00418  0.01317 -6.32636
   0.00292  0.01099 -6.42753
   0.00190  0.00890 -6.53753
   0.00111  0.00688 -6.53493
   0.00053  0.00492 -6.52843
   0.00016  0.00301 -6.31614
  -0.00000  0.00113 -5.93300
   0.00005 -0.00075 -5.39917
   0.00032 -0.00262 -4.49735
   0.00080 -0.00453 -3.67763
   0.00151 -0.00647 -2.84004
   0.00244 -0.00845 -2.11855
   0.00361 -0.01050 -1.48827
   0.00504 -0.01260 -0.93254
   0.00675 -0.01474 -0.47701
   0.00876 -0.01690 -0.09315
   0.01110 -0.01906  0.22147
   0.01381 -0.02120  0.47877
   0.01689 -0.02332  0.66583
   0.02036 -0.02539  0.80576
   0.02422 -0.02744  0.89613
   0.02854 -0.02947  0.95430
   0.03343 -0.03151  0.98697
   0.03906 -0.03360  0.99950
   0.04565 -0.03579  0.99610
   0.05342 -0.03817  0.97964
   0.06252 -0.04076  0.95287
   0.07286 -0.04346  0.91546
   0.08412 -0.04612  0.87372
   0.09611 -0.04862  0.83067
   0.10894 -0.05096  0.78690
   0.12277 -0.05318  0.74644
   0.13768 -0.05532  0.70676
   0.15355 -0.05739  0.66632
   0.17006 -0.05937  0.62887
   0.18687 -0.06126  0.59008
   0.20364 -0.06305  0.55166
   0.22017 -0.06471  0.51181
   0.23643 -0.06616  0.47304
   0.25251 -0.06737  0.43786
   0.26859 -0.06834  0.41070
   0.28487 -0.06909  0.38653
   0.30143 -0.06967  0.36414
   0.31826 -0.07010  0.34235
   0.33524 -0.07041  0.31761
   0.35223 -0.07059  0.29365
   0.36910 -0.07062  0.26975
   0.38580 -0.07049  0.24580
   0.40233 -0.07019  0.22389
   0.41870 -0.06970  0.20310
   0.43495 -0.06902  0.18486
   0.45109 -0.06813  0.16849
   0.46717 -0.06701  0.15641
   0.48320 -0.06566  0.14819
   0.49923 -0.06408  0.14456
   0.51530 -0.06227  0.14402
   0.53148 -0.06024  0.14630
   0.54784 -0.05799  0.15309
   0.56446 -0.05551  0.16305
   0.58139 -0.05285  0.17480
   0.59861 -0.05004  0.18733
   0.61602 -0.04714  0.19886
   0.63346 -0.04423  0.20697
   0.65079 -0.04136  0.23171
   0.66797 -0.03858  0.23737
   0.68503 -0.03590  0.23978
   0.70210 -0.03333  0.23819
   0.71927 -0.03084  0.23465
   0.73659 -0.02840  0.23036
   0.75405 -0.02599  0.22476
   0.77159 -0.02361  0.21917
   0.78910 -0.02123  0.21480
   0.80652 -0.01884  0.21254
   0.82377 -0.01643  0.21669
   0.84080 -0.01405  0.22500
   0.85759 -0.01176  0.23233
   0.87413 -0.00964  0.23640
   0.89043 -0.00771  0.23597
   0.90649 -0.00602  0.23096
   0.92231 -0.00457  0.21738
   0.93789 -0.00335  0.19611
   0.95309 -0.00235  0.16410
   0.96766 -0.00153  0.11716
   0.98110 -0.00086  0.05576
   0.99297 -0.00031 -0.08887
   1.00000  0.00000  0.14446
