x z                                             
 Alfa =  21.25000 Re = 19899914.000 Xflap,Yflap =     0.000000    0.000000
#    x        y        Cp  
   1.00000  0.00000 -0.07881
   0.97779  0.00280 -0.08502
   0.95049  0.00672 -0.09382
   0.91312  0.01370 -0.10644
   0.86653  0.02459 -0.12319
   0.81175  0.03815 -0.14492
   0.75000  0.05077 -0.17328
   0.68267  0.06156 -0.20874
   0.61126  0.07169 -0.24905
   0.53737  0.08148 -0.28967
   0.46264  0.09003 -0.39501
   0.38874  0.09470 -0.96272
   0.31733  0.09324 -1.33899
   0.25000  0.08731 -1.55314
   0.18826  0.07988 -2.07195
   0.13347  0.06975 -2.49728
   0.08688  0.05843 -3.48416
   0.04952  0.04477 -4.47528
   0.02221  0.03034 -6.55412
   0.00559  0.01526-10.28108
   0.00000  0.00000-11.73704
   0.00559 -0.01332 -2.93161
   0.02221 -0.02641  0.31428
   0.04952 -0.03699  0.95081
   0.08688 -0.04673  0.98938
   0.13347 -0.05474  0.89819
   0.18826 -0.06141  0.78199
   0.25000 -0.06720  0.63888
   0.31733 -0.07008  0.51898
   0.38874 -0.07045  0.39294
   0.46264 -0.06735  0.27468
   0.53737 -0.05945  0.22165
   0.61126 -0.04794  0.23380
   0.68267 -0.03626  0.23677
   0.75000 -0.02655  0.18684
   0.81175 -0.01812  0.12950
   0.86653 -0.01059  0.11736
   0.91312 -0.00538  0.06518
   0.95049 -0.00251 -0.06710
   0.97779 -0.00102 -0.36652
   1.00000  0.00000 -0.07881
