x z                                             
 Alfa = -10.00000 Re = 19899914.000 Xflap,Yflap =     0.000000    0.000000
#    x        y        Cp  
   1.00000  0.00000  0.28065
   0.99304  0.00085  0.20957
   0.98139  0.00233  0.22182
   0.96842  0.00406  0.23452
   0.95462  0.00607  0.24602
   0.94040  0.00841  0.24766
   0.92581  0.01112  0.23994
   0.91082  0.01419  0.22508
   0.89539  0.01763  0.20280
   0.87955  0.02138  0.17451
   0.86341  0.02537  0.14049
   0.84723  0.02944  0.10159
   0.83119  0.03346  0.06218
   0.81535  0.03730  0.02612
   0.79961  0.04089  0.00205
   0.78384  0.04426 -0.01300
   0.76793  0.04743 -0.02172
   0.75181  0.05044 -0.02569
   0.73543  0.05330 -0.02473
   0.71877  0.05604 -0.01998
   0.70185  0.05868 -0.01362
   0.68468  0.06126 -0.00701
   0.66733  0.06380 -0.00261
   0.64986  0.06631  0.00085
   0.63232  0.06878  0.00365
   0.61475  0.07121  0.00672
   0.59716  0.07361  0.00730
   0.57957  0.07597 -0.00493
   0.56200  0.07830 -0.01061
   0.54450  0.08057 -0.01524
   0.52712  0.08277 -0.02378
   0.50990  0.08488 -0.03418
   0.49289  0.08686 -0.04501
   0.47611  0.08868 -0.05569
   0.45958  0.09032 -0.06536
   0.44329  0.09174 -0.07363
   0.42725  0.09293 -0.07947
   0.41143  0.09386 -0.08148
   0.39579  0.09451 -0.07892
   0.38029  0.09485 -0.06795
   0.36489  0.09490 -0.05065
   0.34951  0.09465 -0.02773
   0.33407  0.09412 -0.00007
   0.31844  0.09331  0.03194
   0.30249  0.09221  0.07164
   0.28605  0.09084  0.11472
   0.26915  0.08925  0.15769
   0.25199  0.08752  0.19623
   0.23505  0.08575  0.22350
   0.21871  0.08393  0.24648
   0.20300  0.08197  0.27228
   0.18773  0.07980  0.30551
   0.17253  0.07731  0.35196
   0.15713  0.07450  0.40341
   0.14163  0.07144  0.45664
   0.12656  0.06829  0.50444
   0.11252  0.06516  0.54802
   0.09968  0.06199  0.59615
   0.08789  0.05873  0.64963
   0.07692  0.05529  0.71031
   0.06673  0.05171  0.77215
   0.05747  0.04812  0.83113
   0.04930  0.04467  0.88411
   0.04221  0.04144  0.92748
   0.03610  0.03842  0.96228
   0.03080  0.03556  0.98711
   0.02614  0.03283  0.99919
   0.02200  0.03020  0.99587
   0.01830  0.02763  0.97210
   0.01502  0.02511  0.92057
   0.01215  0.02262  0.83401
   0.00966  0.02017  0.70714
   0.00753  0.01777  0.53813
   0.00571  0.01543  0.31561
   0.00418  0.01317  0.04254
   0.00292  0.01099 -0.31580
   0.00190  0.00890 -0.73281
   0.00111  0.00688 -1.23613
   0.00053  0.00492 -1.81253
   0.00016  0.00301 -2.43877
  -0.00000  0.00113 -3.11013
   0.00005 -0.00075 -3.63969
   0.00032 -0.00262 -4.00359
   0.00080 -0.00453 -4.26546
   0.00151 -0.00647 -4.44661
   0.00244 -0.00845 -4.56703
   0.00361 -0.01050 -4.62136
   0.00504 -0.01260 -4.67605
   0.00675 -0.01474 -4.70911
   0.00876 -0.01690 -4.69445
   0.01110 -0.01906 -4.60720
   0.01381 -0.02120 -4.43953
   0.01689 -0.02332 -4.23624
   0.02036 -0.02539 -3.98614
   0.02422 -0.02744 -3.60935
   0.02854 -0.02947 -3.38814
   0.03343 -0.03151 -3.14814
   0.03906 -0.03360 -2.88435
   0.04565 -0.03579 -2.60847
   0.05342 -0.03817 -2.38499
   0.06252 -0.04076 -2.23490
   0.07286 -0.04346 -2.11362
   0.08412 -0.04612 -2.00077
   0.09611 -0.04862 -1.88043
   0.10894 -0.05096 -1.75589
   0.12277 -0.05318 -1.62854
   0.13768 -0.05532 -1.51203
   0.15355 -0.05739 -1.41578
   0.17006 -0.05937 -1.33313
   0.18687 -0.06126 -1.27095
   0.20364 -0.06305 -1.23736
   0.22017 -0.06471 -1.21945
   0.23643 -0.06616 -1.20359
   0.25251 -0.06737 -1.18135
   0.26859 -0.06834 -1.14258
   0.28487 -0.06909 -1.09870
   0.30143 -0.06967 -1.05402
   0.31826 -0.07010 -1.01368
   0.33524 -0.07041 -0.98426
   0.35223 -0.07059 -0.96042
   0.36910 -0.07062 -0.93862
   0.38580 -0.07049 -0.91821
   0.40233 -0.07019 -0.89782
   0.41870 -0.06970 -0.87667
   0.43495 -0.06902 -0.85300
   0.45109 -0.06813 -0.82624
   0.46717 -0.06701 -0.79318
   0.48320 -0.06566 -0.75407
   0.49923 -0.06408 -0.71040
   0.51530 -0.06227 -0.66270
   0.53148 -0.06024 -0.61198
   0.54784 -0.05799 -0.55615
   0.56446 -0.05551 -0.49757
   0.58139 -0.05285 -0.43858
   0.59861 -0.05004 -0.38089
   0.61602 -0.04714 -0.32667
   0.63346 -0.04423 -0.27728
   0.65079 -0.04136 -0.23304
   0.66797 -0.03858 -0.19400
   0.68503 -0.03590 -0.16045
   0.70210 -0.03333 -0.13271
   0.71927 -0.03084 -0.10819
   0.73659 -0.02840 -0.08527
   0.75405 -0.02599 -0.06313
   0.77159 -0.02361 -0.04065
   0.78910 -0.02123 -0.01700
   0.80652 -0.01884  0.00913
   0.82377 -0.01643  0.03877
   0.84080 -0.01405  0.06954
   0.85759 -0.01176  0.09872
   0.87413 -0.00964  0.12490
   0.89043 -0.00771  0.14763
   0.90649 -0.00602  0.16768
   0.92231 -0.00457  0.18488
   0.93789 -0.00335  0.20006
   0.95309 -0.00235  0.21452
   0.96766 -0.00153  0.22904
   0.98110 -0.00086  0.24468
   0.99297 -0.00031  0.26230
   1.00000  0.00000  0.28065
