x z                                             
 Alfa = -29.00000 Re = 19899914.000 Xflap,Yflap =     0.000000    0.000000
#    x        y        Cp  
   1.00000  0.00000 -0.71746
   0.99304  0.00085 -1.12272
   0.98139  0.00233 -0.69368
   0.96842  0.00406 -0.51555
   0.95462  0.00607 -0.38585
   0.94040  0.00841 -0.30783
   0.92581  0.01112 -0.26187
   0.91082  0.01419 -0.23631
   0.89539  0.01763 -0.22706
   0.87955  0.02138 -0.22825
   0.86341  0.02537 -0.23801
   0.84723  0.02944 -0.25363
   0.83119  0.03346 -0.27003
   0.81535  0.03730 -0.28284
   0.79961  0.04089 -0.27949
   0.78384  0.04426 -0.26492
   0.76793  0.04743 -0.24442
   0.75181  0.05044 -0.21907
   0.73543  0.05330 -0.18849
   0.71877  0.05604 -0.15535
   0.70185  0.05868 -0.12165
   0.68468  0.06126 -0.08851
   0.66733  0.06380 -0.06028
   0.64986  0.06631 -0.03272
   0.63232  0.06878 -0.00817
   0.61475  0.07121  0.01529
   0.59716  0.07361  0.03565
   0.57957  0.07597  0.05547
   0.56200  0.07830  0.07283
   0.54450  0.08057  0.08917
   0.52712  0.08277  0.10331
   0.50990  0.08488  0.11516
   0.49289  0.08686  0.12795
   0.47611  0.08868  0.14018
   0.45958  0.09032  0.15578
   0.44329  0.09174  0.16928
   0.42725  0.09293  0.18895
   0.41143  0.09386  0.20826
   0.39579  0.09451  0.23481
   0.38029  0.09485  0.26343
   0.36489  0.09490  0.29823
   0.34951  0.09465  0.33711
   0.33407  0.09412  0.37821
   0.31844  0.09331  0.42007
   0.30249  0.09221  0.46735
   0.28605  0.09084  0.51684
   0.26915  0.08925  0.56438
   0.25199  0.08752  0.60690
   0.23505  0.08575  0.64676
   0.21871  0.08393  0.68095
   0.20300  0.08197  0.71737
   0.18773  0.07980  0.75552
   0.17253  0.07731  0.79770
   0.15713  0.07450  0.83854
   0.14163  0.07144  0.87954
   0.12656  0.06829  0.91482
   0.11252  0.06516  0.94540
   0.09968  0.06199  0.97157
   0.08789  0.05873  0.99044
   0.07692  0.05529  0.99959
   0.06673  0.05171  0.99574
   0.05747  0.04812  0.97601
   0.04930  0.04467  0.93548
   0.04221  0.04144  0.87755
   0.03610  0.03842  0.79364
   0.03080  0.03556  0.68528
   0.02614  0.03283  0.53988
   0.02200  0.03020  0.37598
   0.01830  0.02763  0.13473
   0.01502  0.02511 -0.15436
   0.01215  0.02262 -0.53477
   0.00966  0.02017 -0.89870
   0.00753  0.01777 -1.36908
   0.00571  0.01543 -1.90235
   0.00418  0.01317 -2.47909
   0.00292  0.01099 -3.11527
   0.00190  0.00890 -3.99399
   0.00111  0.00688 -4.65221
   0.00053  0.00492 -5.65434
   0.00016  0.00301 -6.49101
  -0.00000  0.00113 -7.11325
   0.00005 -0.00075 -7.82639
   0.00032 -0.00262 -7.72051
   0.00080 -0.00453 -7.65581
   0.00151 -0.00647 -7.38621
   0.00244 -0.00845 -7.05187
   0.00361 -0.01050 -6.77509
   0.00504 -0.01260 -6.13330
   0.00675 -0.01474 -5.64170
   0.00876 -0.01690 -5.17379
   0.01110 -0.01906 -4.55817
   0.01381 -0.02120 -3.84141
   0.01689 -0.02332 -2.98374
   0.02036 -0.02539 -2.02140
   0.02422 -0.02744 -1.78087
   0.02854 -0.02947 -1.66400
   0.03343 -0.03151 -1.55401
   0.03906 -0.03360 -1.45328
   0.04565 -0.03579 -1.36386
   0.05342 -0.03817 -1.28490
   0.06252 -0.04076 -1.21583
   0.07286 -0.04346 -1.15663
   0.08412 -0.04612 -1.10702
   0.09611 -0.04862 -1.06535
   0.10894 -0.05096 -1.02928
   0.12277 -0.05318 -0.99718
   0.13768 -0.05532 -0.96807
   0.15355 -0.05739 -0.94162
   0.17006 -0.05937 -0.91775
   0.18687 -0.06126 -0.89638
   0.20364 -0.06305 -0.87736
   0.22017 -0.06471 -0.86047
   0.23643 -0.06616 -0.84540
   0.25251 -0.06737 -0.83178
   0.26859 -0.06834 -0.81927
   0.28487 -0.06909 -0.80757
   0.30143 -0.06967 -0.79651
   0.31826 -0.07010 -0.78603
   0.33524 -0.07041 -0.77612
   0.35223 -0.07059 -0.76681
   0.36910 -0.07062 -0.75811
   0.38580 -0.07049 -0.74997
   0.40233 -0.07019 -0.74234
   0.41870 -0.06970 -0.73517
   0.43495 -0.06902 -0.72841
   0.45109 -0.06813 -0.72201
   0.46717 -0.06701 -0.71592
   0.48320 -0.06566 -0.71012
   0.49923 -0.06408 -0.70457
   0.51530 -0.06227 -0.69921
   0.53148 -0.06024 -0.69404
   0.54784 -0.05799 -0.68899
   0.56446 -0.05551 -0.68404
   0.58139 -0.05285 -0.67916
   0.59861 -0.05004 -0.67436
   0.61602 -0.04714 -0.66965
   0.63346 -0.04423 -0.66506
   0.65079 -0.04136 -0.66062
   0.66797 -0.03858 -0.65632
   0.68503 -0.03590 -0.65215
   0.70210 -0.03333 -0.64807
   0.71927 -0.03084 -0.64406
   0.73659 -0.02840 -0.64009
   0.75405 -0.02599 -0.63618
   0.77159 -0.02361 -0.63233
   0.78910 -0.02123 -0.62857
   0.80652 -0.01884 -0.62490
   0.82377 -0.01643 -0.62134
   0.84080 -0.01405 -0.61788
   0.85759 -0.01176 -0.61453
   0.87413 -0.00964 -0.61126
   0.89043 -0.00771 -0.60809
   0.90649 -0.00602 -0.60500
   0.92231 -0.00457 -0.60198
   0.93789 -0.00335 -0.59904
   0.95309 -0.00235 -0.59619
   0.96766 -0.00153 -0.59349
   0.98110 -0.00086 -0.59104
   0.99297 -0.00031 -0.58890
   1.00000  0.00000 -0.58775
