x z                                             
 Alfa =  24.87500 Re = 19899914.000 Xflap,Yflap =     0.000000    0.000000
#    x        y        Cp  
   1.00000  0.00000 -0.16087
   0.97779  0.00280 -0.16616
   0.95049  0.00672 -0.17348
   0.91312  0.01370 -0.18395
   0.86653  0.02459 -0.19785
   0.81175  0.03815 -0.21585
   0.75000  0.05077 -0.23936
   0.68267  0.06156 -0.26954
   0.61126  0.07169 -0.30624
   0.53737  0.08148 -0.34688
   0.46264  0.09003 -0.38614
   0.38874  0.09470 -0.44452
   0.31733  0.09324 -0.99952
   0.25000  0.08731 -1.38337
   0.18826  0.07988 -1.99797
   0.13347  0.06975 -2.53527
   0.08688  0.05843 -3.66873
   0.04952  0.04477 -4.87991
   0.02221  0.03034 -7.38814
   0.00559  0.01526-12.06106
   0.00000  0.00000-14.72541
   0.00559 -0.01332 -4.36158
   0.02221 -0.02641 -0.14234
   0.04952 -0.03699  0.84448
   0.08688 -0.04673  0.99864
   0.13347 -0.05474  0.95779
   0.18826 -0.06141  0.86150
   0.25000 -0.06720  0.73149
   0.31733 -0.07008  0.61042
   0.38874 -0.07045  0.48164
   0.46264 -0.06735  0.35594
   0.53737 -0.05945  0.28810
   0.61126 -0.04794  0.28255
   0.68267 -0.03626  0.27163
   0.75000 -0.02655  0.21078
   0.81175 -0.01812  0.14242
   0.86653 -0.01059  0.11968
   0.91312 -0.00538  0.05824
   0.95049 -0.00251 -0.08363
   0.97779 -0.00102 -0.38550
   1.00000  0.00000 -0.16087
