x z                                             
 Alfa = -16.50000 Re = 19899914.000 Xflap,Yflap =     0.000000    0.000000
#    x        y        Cp  
   1.00000  0.00000  0.14670
   0.97779  0.00280 -0.03574
   0.95049  0.00672  0.13448
   0.91312  0.01370  0.16908
   0.86653  0.02459  0.10883
   0.81175  0.03815  0.01334
   0.75000  0.05077  0.01284
   0.68267  0.06156  0.07315
   0.61126  0.07169  0.11551
   0.53737  0.08148  0.13541
   0.46264  0.09003  0.13535
   0.38874  0.09470  0.17304
   0.31733  0.09324  0.31806
   0.25000  0.08731  0.49433
   0.18826  0.07988  0.62387
   0.13347  0.06975  0.79081
   0.08688  0.05843  0.93231
   0.04952  0.04477  0.99633
   0.02221  0.03034  0.65874
   0.00559  0.01526 -1.51393
   0.00000  0.00000 -9.67375
   0.00559 -0.01332 -9.72429
   0.02221 -0.02641 -6.45199
   0.04952 -0.03699 -3.84766
   0.08688 -0.04673 -2.92856
   0.13347 -0.05474 -2.18660
   0.18826 -0.06141 -1.71818
   0.25000 -0.06720 -1.53382
   0.31733 -0.07008 -1.24723
   0.38874 -0.07045 -1.06240
   0.46264 -0.06735 -0.87337
   0.53737 -0.05945 -0.57781
   0.61126 -0.04794 -0.26086
   0.68267 -0.03626 -0.04996
   0.75000 -0.02655  0.06258
   0.81175 -0.01812  0.08799
   0.86653 -0.01059  0.10073
   0.91312 -0.00538  0.11650
   0.95049 -0.00251  0.13008
   0.97779 -0.00102  0.14008
   1.00000  0.00000  0.14670
