x z                                             
 Alfa =  17.50000 Re = 19899914.000 Xflap,Yflap =     0.000000    0.000000
#    x        y        Cp  
   1.00000  0.00000  0.04157
   0.97779  0.00280  0.03518
   0.95049  0.00672  0.02602
   0.91312  0.01370  0.01367
   0.86653  0.02459 -0.00119
   0.81175  0.03815 -0.01813
   0.75000  0.05077 -0.03644
   0.68267  0.06156 -0.07270
   0.61126  0.07169 -0.27566
   0.53737  0.08148 -0.54730
   0.46264  0.09003 -0.91147
   0.38874  0.09470 -1.32031
   0.31733  0.09324 -1.54677
   0.25000  0.08731 -1.65620
   0.18826  0.07988 -2.09678
   0.13347  0.06975 -2.42617
   0.08688  0.05843 -3.27622
   0.04952  0.04477 -4.06903
   0.02221  0.03034 -5.76203
   0.00559  0.01526 -8.65920
   0.00000  0.00000 -9.15181
   0.00559 -0.01332 -1.78084
   0.02221 -0.02641  0.63669
   0.04952 -0.03699  0.99609
   0.08688 -0.04673  0.94720
   0.13347 -0.05474  0.82372
   0.18826 -0.06141  0.69859
   0.25000 -0.06720  0.55108
   0.31733 -0.07008  0.43876
   0.38874 -0.07045  0.32244
   0.46264 -0.06735  0.21780
   0.53737 -0.05945  0.18435
   0.61126 -0.04794  0.21584
   0.68267 -0.03626  0.23558
   0.75000 -0.02655  0.20482
   0.81175 -0.01812  0.16454
   0.86653 -0.01059  0.16955
   0.91312 -0.00538  0.13757
   0.95049 -0.00251  0.03664
   0.97779 -0.00102 -0.19278
   1.00000  0.00000  0.04157
