x z                                             
 Alfa =  13.12500 Re = 19899914.000 Xflap,Yflap =     0.000000    0.000000
#    x        y        Cp  
   1.00000  0.00000  0.13801
   0.97779  0.00280  0.13189
   0.95049  0.00672  0.12285
   0.91312  0.01370  0.11176
   0.86653  0.02459  0.10408
   0.81175  0.03815  0.05986
   0.75000  0.05077 -0.13947
   0.68267  0.06156 -0.29921
   0.61126  0.07169 -0.45535
   0.53737  0.08148 -0.66033
   0.46264  0.09003 -0.96508
   0.38874  0.09470 -1.30460
   0.31733  0.09324 -1.45365
   0.25000  0.08731 -1.48969
   0.18826  0.07988 -1.82857
   0.13347  0.06975 -2.03900
   0.08688  0.05843 -2.67140
   0.04952  0.04477 -3.17619
   0.02221  0.03034 -4.28261
   0.00559  0.01526 -5.97822
   0.00000  0.00000 -5.35041
   0.00559 -0.01332 -0.29949
   0.02221 -0.02641  0.94422
   0.04952 -0.03699  0.96314
   0.08688 -0.04673  0.81420
   0.13347 -0.05474  0.66463
   0.18826 -0.06141  0.53811
   0.25000 -0.06720  0.38962
   0.31733 -0.07008  0.29252
   0.38874 -0.07045  0.19119
   0.46264 -0.06735  0.10510
   0.53737 -0.05945  0.09907
   0.61126 -0.04794  0.15772
   0.68267 -0.03626  0.20568
   0.75000 -0.02655  0.18865
   0.81175 -0.01812  0.16985
   0.86653 -0.01059  0.19776
   0.91312 -0.00538  0.19170
   0.95049 -0.00251  0.12832
   0.97779 -0.00102 -0.02007
   1.00000  0.00000  0.13801
