x z                                             
 Alfa = -24.50000 Re = 19899914.000 Xflap,Yflap =     0.000000    0.000000
#    x        y        Cp  
   1.00000  0.00000 -0.28053
   0.97779  0.00280 -0.60744
   0.95049  0.00672 -0.25351
   0.91312  0.01370 -0.14547
   0.86653  0.02459 -0.16879
   0.81175  0.03815 -0.23608
   0.75000  0.05077 -0.18329
   0.68267  0.06156 -0.06660
   0.61126  0.07169  0.02034
   0.53737  0.08148  0.07802
   0.46264  0.09003  0.11364
   0.38874  0.09470  0.18858
   0.31733  0.09324  0.36398
   0.25000  0.08731  0.55613
   0.18826  0.07988  0.69735
   0.13347  0.06975  0.85684
   0.08688  0.05843  0.97375
   0.04952  0.04477  0.97009
   0.02221  0.03034  0.49794
   0.00559  0.01526 -1.90408
   0.00000  0.00000 -9.80533
   0.00559 -0.01332 -8.92705
   0.02221 -0.02641 -5.29706
   0.04952 -0.03699 -2.63904
   0.08688 -0.04673 -1.31334
   0.13347 -0.05474 -1.03370
   0.18826 -0.06141 -0.84290
   0.25000 -0.06720 -0.67181
   0.31733 -0.07008 -0.56367
   0.38874 -0.07045 -0.49217
   0.46264 -0.06735 -0.44180
   0.53737 -0.05945 -0.40503
   0.61126 -0.04794 -0.37690
   0.68267 -0.03626 -0.35427
   0.75000 -0.02655 -0.33556
   0.81175 -0.01812 -0.32017
   0.86653 -0.01059 -0.30769
   0.91312 -0.00538 -0.29768
   0.95049 -0.00251 -0.28996
   0.97779 -0.00102 -0.28452
   1.00000  0.00000 -0.28053
