x z                                             
 Alfa =  18.12500 Re = 19899914.000 Xflap,Yflap =     0.000000    0.000000
#    x        y        Cp  
   1.00000  0.00000  0.03049
   0.97779  0.00280  0.02414
   0.95049  0.00672  0.01505
   0.91312  0.01370  0.00273
   0.86653  0.02459 -0.01224
   0.81175  0.03815 -0.02951
   0.75000  0.05077 -0.04957
   0.68267  0.06156 -0.06395
   0.61126  0.07169 -0.24151
   0.53737  0.08148 -0.52047
   0.46264  0.09003 -0.89574
   0.38874  0.09470 -1.31617
   0.31733  0.09324 -1.55550
   0.25000  0.08731 -1.67653
   0.18826  0.07988 -2.13234
   0.13347  0.06975 -2.47945
   0.08688  0.05843 -3.36231
   0.04952  0.04477 -4.19879
   0.02221  0.03034 -5.98471
   0.00559  0.01526 -9.07226
   0.00000  0.00000 -9.76881
   0.00559 -0.01332 -2.03741
   0.02221 -0.02641  0.56986
   0.04952 -0.03699  0.99009
   0.08688 -0.04673  0.95983
   0.13347 -0.05474  0.84291
   0.18826 -0.06141  0.71943
   0.25000 -0.06720  0.57321
   0.31733 -0.07008  0.45948
   0.38874 -0.07045  0.34163
   0.46264 -0.06735  0.23493
   0.53737 -0.05945  0.19786
   0.61126 -0.04794  0.22555
   0.68267 -0.03626  0.24204
   0.75000 -0.02655  0.20875
   0.81175 -0.01812  0.16615
   0.86653 -0.01059  0.16832
   0.91312 -0.00538  0.13322
   0.95049 -0.00251  0.02807
   0.97779 -0.00102 -0.20995
   1.00000  0.00000  0.03049
