x z                                             
 Alfa =  15.62500 Re = 19899914.000 Xflap,Yflap =     0.000000    0.000000
#    x        y        Cp  
   1.00000  0.00000  0.08195
   0.99304  0.00085  0.08021
   0.98139  0.00233  0.07629
   0.96842  0.00406  0.07184
   0.95462  0.00607  0.06716
   0.94040  0.00841  0.06250
   0.92581  0.01112  0.05793
   0.91082  0.01419  0.05347
   0.89539  0.01763  0.04917
   0.87955  0.02138  0.04518
   0.86341  0.02537  0.04183
   0.84723  0.02944  0.04017
   0.83119  0.03346  0.04484
   0.81535  0.03730  0.04848
   0.79961  0.04089  0.02703
   0.78384  0.04426 -0.00556
   0.76793  0.04743 -0.04634
   0.75181  0.05044 -0.09202
   0.73543  0.05330 -0.13948
   0.71877  0.05604 -0.18635
   0.70185  0.05868 -0.23159
   0.68468  0.06126 -0.27564
   0.66733  0.06380 -0.31940
   0.64986  0.06631 -0.36375
   0.63232  0.06878 -0.40872
   0.61475  0.07121 -0.45500
   0.59716  0.07361 -0.50373
   0.57957  0.07597 -0.55529
   0.56200  0.07830 -0.61036
   0.54450  0.08057 -0.66907
   0.52712  0.08277 -0.73393
   0.50990  0.08488 -0.80500
   0.49289  0.08686 -0.87883
   0.47611  0.08868 -0.95829
   0.45958  0.09032 -1.03894
   0.44329  0.09174 -1.12143
   0.42725  0.09293 -1.20380
   0.41143  0.09386 -1.28370
   0.39579  0.09451 -1.35909
   0.38029  0.09485 -1.42321
   0.36489  0.09490 -1.47507
   0.34951  0.09465 -1.52108
   0.33407  0.09412 -1.55896
   0.31844  0.09331 -1.58870
   0.30249  0.09221 -1.60544
   0.28605  0.09084 -1.62148
   0.26915  0.08925 -1.64282
   0.25199  0.08752 -1.67947
   0.23505  0.08575 -1.76316
   0.21871  0.08393 -1.87203
   0.20300  0.08197 -1.98248
   0.18773  0.07980 -2.08742
   0.17253  0.07731 -2.15911
   0.15713  0.07450 -2.23268
   0.14163  0.07144 -2.32107
   0.12656  0.06829 -2.47542
   0.11252  0.06516 -2.69532
   0.09968  0.06199 -2.92415
   0.08789  0.05873 -3.14774
   0.07692  0.05529 -3.34010
   0.06673  0.05171 -3.51810
   0.05747  0.04812 -3.71326
   0.04930  0.04467 -3.92763
   0.04221  0.04144 -4.20978
   0.03610  0.03842 -4.50155
   0.03080  0.03556 -4.79686
   0.02614  0.03283 -5.09763
   0.02200  0.03020 -5.43552
   0.01830  0.02763 -5.87306
   0.01502  0.02511 -6.30926
   0.01215  0.02262 -6.71028
   0.00966  0.02017 -7.11844
   0.00753  0.01777 -7.36923
   0.00571  0.01543 -7.49462
   0.00418  0.01317 -7.73898
   0.00292  0.01099 -7.90718
   0.00190  0.00890 -8.12133
   0.00111  0.00688 -8.21519
   0.00053  0.00492 -8.21359
   0.00016  0.00301 -8.15510
  -0.00000  0.00113 -7.72945
   0.00005 -0.00075 -7.09040
   0.00032 -0.00262 -6.10604
   0.00080 -0.00453 -5.09866
   0.00151 -0.00647 -4.08964
   0.00244 -0.00845 -3.23507
   0.00361 -0.01050 -2.43194
   0.00504 -0.01260 -1.72261
   0.00675 -0.01474 -1.17167
   0.00876 -0.01690 -0.65987
   0.01110 -0.01906 -0.23945
   0.01381 -0.02120  0.11200
   0.01689 -0.02332  0.39253
   0.02036 -0.02539  0.59627
   0.02422 -0.02744  0.74994
   0.02854 -0.02947  0.85625
   0.03343 -0.03151  0.92599
   0.03906 -0.03360  0.97200
   0.04565 -0.03579  0.99473
   0.05342 -0.03817  0.99967
   0.06252 -0.04076  0.98989
   0.07286 -0.04346  0.96676
   0.08412 -0.04612  0.93597
   0.09611 -0.04862  0.90023
   0.10894 -0.05096  0.86146
   0.12277 -0.05318  0.82394
   0.13768 -0.05532  0.78464
   0.15355 -0.05739  0.74586
   0.17006 -0.05937  0.70814
   0.18687 -0.06126  0.66924
   0.20364 -0.06305  0.63079
   0.22017 -0.06471  0.59171
   0.23643 -0.06616  0.55195
   0.25251 -0.06737  0.51789
   0.26859 -0.06834  0.48831
   0.28487 -0.06909  0.46173
   0.30143 -0.06967  0.43734
   0.31826 -0.07010  0.41390
   0.33524 -0.07041  0.38865
   0.35223 -0.07059  0.36133
   0.36910 -0.07062  0.33543
   0.38580 -0.07049  0.31136
   0.40233 -0.07019  0.28632
   0.41870 -0.06970  0.26422
   0.43495 -0.06902  0.24358
   0.45109 -0.06813  0.22494
   0.46717 -0.06701  0.21087
   0.48320 -0.06566  0.19967
   0.49923 -0.06408  0.19321
   0.51530 -0.06227  0.18978
   0.53148 -0.06024  0.18913
   0.54784 -0.05799  0.19256
   0.56446 -0.05551  0.19961
   0.58139 -0.05285  0.20823
   0.59861 -0.05004  0.21851
   0.61602 -0.04714  0.22793
   0.63346 -0.04423  0.23660
   0.65079 -0.04136  0.24274
   0.66797 -0.03858  0.24647
   0.68503 -0.03590  0.25884
   0.70210 -0.03333  0.25557
   0.71927 -0.03084  0.24871
   0.73659 -0.02840  0.24067
   0.75405 -0.02599  0.23221
   0.77159 -0.02361  0.22346
   0.78910 -0.02123  0.21596
   0.80652 -0.01884  0.21056
   0.82377 -0.01643  0.21132
   0.84080 -0.01405  0.21649
   0.85759 -0.01176  0.22035
   0.87413 -0.00964  0.22066
   0.89043 -0.00771  0.21611
   0.90649 -0.00602  0.20622
   0.92231 -0.00457  0.18663
   0.93789 -0.00335  0.15780
   0.95309 -0.00235  0.11558
   0.96766 -0.00153  0.05376
   0.98110 -0.00086 -0.02854
   0.99297 -0.00031 -0.23125
   1.00000  0.00000  0.08195
