x z                                             
 Alfa = -22.50000 Re = 19899914.000 Xflap,Yflap =     0.000000    0.000000
#    x        y        Cp  
   1.00000  0.00000 -0.06745
   0.99304  0.00085 -0.75330
   0.98139  0.00233 -0.24874
   0.96842  0.00406 -0.17883
   0.95462  0.00607 -0.04127
   0.94040  0.00841  0.01101
   0.92581  0.01112  0.04235
   0.91082  0.01419  0.05780
   0.89539  0.01763  0.06035
   0.87955  0.02138  0.05510
   0.86341  0.02537  0.04406
   0.84723  0.02944  0.02838
   0.83119  0.03346  0.01116
   0.81535  0.03730 -0.00321
   0.79961  0.04089 -0.00547
   0.78384  0.04426  0.00032
   0.76793  0.04743  0.01258
   0.75181  0.05044  0.02781
   0.73543  0.05330  0.04785
   0.71877  0.05604  0.07038
   0.70185  0.05868  0.09336
   0.68468  0.06126  0.11596
   0.66733  0.06380  0.13595
   0.64986  0.06631  0.15475
   0.63232  0.06878  0.17152
   0.61475  0.07121  0.18768
   0.59716  0.07361  0.20195
   0.57957  0.07597  0.21557
   0.56200  0.07830  0.22715
   0.54450  0.08057  0.23940
   0.52712  0.08277  0.24833
   0.50990  0.08488  0.25663
   0.49289  0.08686  0.26544
   0.47611  0.08868  0.27469
   0.45958  0.09032  0.28589
   0.44329  0.09174  0.29712
   0.42725  0.09293  0.31313
   0.41143  0.09386  0.32827
   0.39579  0.09451  0.35062
   0.38029  0.09485  0.37629
   0.36489  0.09490  0.40567
   0.34951  0.09465  0.43798
   0.33407  0.09412  0.47472
   0.31844  0.09331  0.51315
   0.30249  0.09221  0.55228
   0.28605  0.09084  0.59731
   0.26915  0.08925  0.63908
   0.25199  0.08752  0.67921
   0.23505  0.08575  0.71500
   0.21871  0.08393  0.74686
   0.20300  0.08197  0.78168
   0.18773  0.07980  0.81594
   0.17253  0.07731  0.85366
   0.15713  0.07450  0.89110
   0.14163  0.07144  0.92598
   0.12656  0.06829  0.95613
   0.11252  0.06516  0.97937
   0.09968  0.06199  0.99491
   0.08789  0.05873  0.99985
   0.07692  0.05529  0.98971
   0.06673  0.05171  0.95926
   0.05747  0.04812  0.90767
   0.04930  0.04467  0.82162
   0.04221  0.04144  0.71013
   0.03610  0.03842  0.55676
   0.03080  0.03556  0.36228
   0.02614  0.03283  0.12577
   0.02200  0.03020 -0.16735
   0.01830  0.02763 -0.58117
   0.01502  0.02511 -1.06449
   0.01215  0.02262 -1.68796
   0.00966  0.02017 -2.37364
   0.00753  0.01777 -3.10674
   0.00571  0.01543 -4.05512
   0.00418  0.01317 -5.01597
   0.00292  0.01099 -6.15556
   0.00190  0.00890 -7.62220
   0.00111  0.00688 -9.00068
   0.00053  0.00492-10.60086
   0.00016  0.00301-12.07468
  -0.00000  0.00113-13.70121
   0.00005 -0.00075-14.64810
   0.00032 -0.00262-14.93883
   0.00080 -0.00453-14.80217
   0.00151 -0.00647-14.68446
   0.00244 -0.00845-14.32834
   0.00361 -0.01050-13.75061
   0.00504 -0.01260-13.32562
   0.00675 -0.01474-12.74076
   0.00876 -0.01690-12.10889
   0.01110 -0.01906-11.43066
   0.01381 -0.02120-10.65509
   0.01689 -0.02332 -9.80962
   0.02036 -0.02539 -8.87467
   0.02422 -0.02744 -8.06554
   0.02854 -0.02947 -7.34744
   0.03343 -0.03151 -6.64580
   0.03906 -0.03360 -5.91966
   0.04565 -0.03579 -5.26311
   0.05342 -0.03817 -4.69959
   0.06252 -0.04076 -4.27298
   0.07286 -0.04346 -3.91183
   0.08412 -0.04612 -3.59059
   0.09611 -0.04862 -3.27821
   0.10894 -0.05096 -2.98244
   0.12277 -0.05318 -2.69706
   0.13768 -0.05532 -2.44666
   0.15355 -0.05739 -2.22660
   0.17006 -0.05937 -2.04189
   0.18687 -0.06126 -1.89027
   0.20364 -0.06305 -1.78065
   0.22017 -0.06471 -1.69351
   0.23643 -0.06616 -1.61050
   0.25251 -0.06737 -1.52599
   0.26859 -0.06834 -1.43175
   0.28487 -0.06909 -1.32905
   0.30143 -0.06967 -1.23217
   0.31826 -0.07010 -1.13867
   0.33524 -0.07041 -1.05392
   0.35223 -0.07059 -0.97655
   0.36910 -0.07062 -0.89774
   0.38580 -0.07049 -0.82016
   0.40233 -0.07019 -0.73834
   0.41870 -0.06970 -0.65394
   0.43495 -0.06902 -0.56582
   0.45109 -0.06813 -0.47539
   0.46717 -0.06701 -0.38628
   0.48320 -0.06566 -0.30678
   0.49923 -0.06408 -0.24558
   0.51530 -0.06227 -0.20868
   0.53148 -0.06024 -0.21781
   0.54784 -0.05799 -0.21969
   0.56446 -0.05551 -0.21564
   0.58139 -0.05285 -0.21010
   0.59861 -0.05004 -0.20394
   0.61602 -0.04714 -0.19744
   0.63346 -0.04423 -0.19075
   0.65079 -0.04136 -0.18399
   0.66797 -0.03858 -0.17720
   0.68503 -0.03590 -0.17038
   0.70210 -0.03333 -0.16348
   0.71927 -0.03084 -0.15650
   0.73659 -0.02840 -0.14946
   0.75405 -0.02599 -0.14238
   0.77159 -0.02361 -0.13532
   0.78910 -0.02123 -0.12835
   0.80652 -0.01884 -0.12152
   0.82377 -0.01643 -0.11488
   0.84080 -0.01405 -0.10844
   0.85759 -0.01176 -0.10219
   0.87413 -0.00964 -0.09613
   0.89043 -0.00771 -0.09023
   0.90649 -0.00602 -0.08449
   0.92231 -0.00457 -0.07890
   0.93789 -0.00335 -0.07347
   0.95309 -0.00235 -0.06823
   0.96766 -0.00153 -0.06328
   0.98110 -0.00086 -0.05880
   0.99297 -0.00031 -0.05499
   1.00000  0.00000 -0.05313
