x z                                             
 Alfa =  -9.00000 Re = 19899914.000 Xflap,Yflap =     0.000000    0.000000
#    x        y        Cp  
   1.00000  0.00000  0.28532
   0.97779  0.00280  0.23389
   0.95049  0.00672  0.25730
   0.91312  0.01370  0.23228
   0.86653  0.02459  0.14116
   0.81175  0.03815 -0.00247
   0.75000  0.05077 -0.05204
   0.68267  0.06156 -0.03109
   0.61126  0.07169 -0.02621
   0.53737  0.08148 -0.05400
   0.46264  0.09003 -0.11631
   0.38874  0.09470 -0.14439
   0.31733  0.09324 -0.03434
   0.25000  0.08731  0.13298
   0.18826  0.07988  0.22403
   0.13347  0.06975  0.40023
   0.08688  0.05843  0.56082
   0.04952  0.04477  0.80372
   0.02221  0.03034  0.99106
   0.00559  0.01526  0.62703
   0.00000  0.00000 -2.85131
   0.00559 -0.01332 -4.30278
   0.02221 -0.02641 -3.38750
   0.04952 -0.03699 -2.18203
   0.08688 -0.04673 -1.78950
   0.13347 -0.05474 -1.40892
   0.18826 -0.06141 -1.16250
   0.25000 -0.06720 -1.11367
   0.31733 -0.07008 -0.95490
   0.38874 -0.07045 -0.87020
   0.46264 -0.06735 -0.77695
   0.53737 -0.05945 -0.57303
   0.61126 -0.04794 -0.32181
   0.68267 -0.03626 -0.14912
   0.75000 -0.02655 -0.06275
   0.81175 -0.01812  0.01730
   0.86653 -0.01059  0.11879
   0.91312 -0.00538  0.18280
   0.95049 -0.00251  0.21790
   0.97779 -0.00102  0.24412
   1.00000  0.00000  0.28532
