x z                                             
 Alfa =  25.87500 Re = 19899914.000 Xflap,Yflap =     0.000000    0.000000
#    x        y        Cp  
   1.00000  0.00000 -0.20403
   0.97779  0.00280 -0.20893
   0.95049  0.00672 -0.21564
   0.91312  0.01370 -0.22522
   0.86653  0.02459 -0.23792
   0.81175  0.03815 -0.25431
   0.75000  0.05077 -0.27568
   0.68267  0.06156 -0.30343
   0.61126  0.07169 -0.33873
   0.53737  0.08148 -0.38228
   0.46264  0.09003 -0.43250
   0.38874  0.09470 -0.48585
   0.31733  0.09324 -0.60985
   0.25000  0.08731 -1.12589
   0.18826  0.07988 -1.79653
   0.13347  0.06975 -2.37505
   0.08688  0.05843 -3.51932
   0.04952  0.04477 -4.75424
   0.02221  0.03034 -7.28409
   0.00559  0.01526-12.00667
   0.00000  0.00000-14.81807
   0.00559 -0.01332 -4.45958
   0.02221 -0.02641 -0.18739
   0.04952 -0.03699  0.83070
   0.08688 -0.04673  0.99731
   0.13347 -0.05474  0.96286
   0.18826 -0.06141  0.86921
   0.25000 -0.06720  0.74068
   0.31733 -0.07008  0.61904
   0.38874 -0.07045  0.48895
   0.46264 -0.06735  0.36090
   0.53737 -0.05945  0.28982
   0.61126 -0.04794  0.28116
   0.68267 -0.03626  0.26749
   0.75000 -0.02655  0.20356
   0.81175 -0.01812  0.13191
   0.86653 -0.01059  0.10673
   0.91312 -0.00538  0.04273
   0.95049 -0.00251 -0.10263
   0.97779 -0.00102 -0.40670
   1.00000  0.00000 -0.20403
