x z                                             
 Alfa = -15.50000 Re = 19899914.000 Xflap,Yflap =     0.000000    0.000000
#    x        y        Cp  
   1.00000  0.00000  0.17871
   0.99304  0.00085 -0.04644
   0.98139  0.00233  0.08875
   0.96842  0.00406  0.14615
   0.95462  0.00607  0.18804
   0.94040  0.00841  0.20950
   0.92581  0.01112  0.21620
   0.91082  0.01419  0.21358
   0.89539  0.01763  0.20234
   0.87955  0.02138  0.18583
   0.86341  0.02537  0.16398
   0.84723  0.02944  0.10784
   0.83119  0.03346  0.08596
   0.81535  0.03730  0.06534
   0.79961  0.04089  0.05117
   0.78384  0.04426  0.04458
   0.76793  0.04743  0.04408
   0.75181  0.05044  0.04781
   0.73543  0.05330  0.05594
   0.71877  0.05604  0.06745
   0.70185  0.05868  0.08007
   0.68468  0.06126  0.09260
   0.66733  0.06380  0.10293
   0.64986  0.06631  0.11237
   0.63232  0.06878  0.12049
   0.61475  0.07121  0.12766
   0.59716  0.07361  0.13333
   0.57957  0.07597  0.13791
   0.56200  0.07830  0.14120
   0.54450  0.08057  0.14382
   0.52712  0.08277  0.14384
   0.50990  0.08488  0.14302
   0.49289  0.08686  0.14209
   0.47611  0.08868  0.14183
   0.45958  0.09032  0.14246
   0.44329  0.09174  0.14516
   0.42725  0.09293  0.15037
   0.41143  0.09386  0.15814
   0.39579  0.09451  0.17039
   0.38029  0.09485  0.19016
   0.36489  0.09490  0.21374
   0.34951  0.09465  0.24181
   0.33407  0.09412  0.27469
   0.31844  0.09331  0.31073
   0.30249  0.09221  0.35032
   0.28605  0.09084  0.39518
   0.26915  0.08925  0.43868
   0.25199  0.08752  0.47939
   0.23505  0.08575  0.51236
   0.21871  0.08393  0.54406
   0.20300  0.08197  0.57751
   0.18773  0.07980  0.61413
   0.17253  0.07731  0.66014
   0.15713  0.07450  0.70780
   0.14163  0.07144  0.75696
   0.12656  0.06829  0.80185
   0.11252  0.06516  0.84367
   0.09968  0.06199  0.88478
   0.08789  0.05873  0.92413
   0.07692  0.05529  0.95910
   0.06673  0.05171  0.98506
   0.05747  0.04812  0.99893
   0.04930  0.04467  0.99637
   0.04221  0.04144  0.97558
   0.03610  0.03842  0.93201
   0.03080  0.03556  0.86530
   0.02614  0.03283  0.76619
   0.02200  0.03020  0.63502
   0.01830  0.02763  0.44037
   0.01502  0.02511  0.20072
   0.01215  0.02262 -0.13338
   0.00966  0.02017 -0.52474
   0.00753  0.01777 -0.97233
   0.00571  0.01543 -1.51254
   0.00418  0.01317 -2.14691
   0.00292  0.01099 -2.91878
   0.00190  0.00890 -3.75370
   0.00111  0.00688 -4.77740
   0.00053  0.00492 -5.79615
   0.00016  0.00301 -6.98603
  -0.00000  0.00113 -8.06473
   0.00005 -0.00075 -8.81459
   0.00032 -0.00262 -9.25319
   0.00080 -0.00453 -9.42676
   0.00151 -0.00647 -9.39562
   0.00244 -0.00845 -9.33430
   0.00361 -0.01050 -9.15378
   0.00504 -0.01260 -8.97868
   0.00675 -0.01474 -8.78442
   0.00876 -0.01690 -8.55689
   0.01110 -0.01906 -8.23854
   0.01381 -0.02120 -7.67706
   0.01689 -0.02332 -7.07846
   0.02036 -0.02539 -6.52470
   0.02422 -0.02744 -6.01756
   0.02854 -0.02947 -5.54448
   0.03343 -0.03151 -5.06451
   0.03906 -0.03360 -4.57013
   0.04565 -0.03579 -4.09950
   0.05342 -0.03817 -3.70187
   0.06252 -0.04076 -3.41655
   0.07286 -0.04346 -3.17667
   0.08412 -0.04612 -2.96210
   0.09611 -0.04862 -2.74842
   0.10894 -0.05096 -2.53217
   0.12277 -0.05318 -2.32667
   0.13768 -0.05532 -2.14007
   0.15355 -0.05739 -1.98427
   0.17006 -0.05937 -1.84835
   0.18687 -0.06126 -1.74258
   0.20364 -0.06305 -1.67654
   0.22017 -0.06471 -1.62812
   0.23643 -0.06616 -1.58606
   0.25251 -0.06737 -1.53841
   0.26859 -0.06834 -1.47411
   0.28487 -0.06909 -1.40672
   0.30143 -0.06967 -1.33780
   0.31826 -0.07010 -1.27771
   0.33524 -0.07041 -1.22796
   0.35223 -0.07059 -1.18648
   0.36910 -0.07062 -1.14726
   0.38580 -0.07049 -1.11045
   0.40233 -0.07019 -1.07487
   0.41870 -0.06970 -1.03770
   0.43495 -0.06902 -0.99966
   0.45109 -0.06813 -0.95768
   0.46717 -0.06701 -0.91027
   0.48320 -0.06566 -0.85617
   0.49923 -0.06408 -0.79933
   0.51530 -0.06227 -0.73783
   0.53148 -0.06024 -0.67382
   0.54784 -0.05799 -0.60604
   0.56446 -0.05551 -0.53623
   0.58139 -0.05285 -0.46722
   0.59861 -0.05004 -0.40045
   0.61602 -0.04714 -0.33808
   0.63346 -0.04423 -0.28156
   0.65079 -0.04136 -0.23086
   0.66797 -0.03858 -0.18598
   0.68503 -0.03590 -0.14651
   0.70210 -0.03333 -0.11184
   0.71927 -0.03084 -0.07999
   0.73659 -0.02840 -0.04974
   0.75405 -0.02599 -0.02045
   0.77159 -0.02361  0.00819
   0.78910 -0.02123  0.03612
   0.80652 -0.01884  0.06312
   0.82377 -0.01643  0.08846
   0.84080 -0.01405  0.11073
   0.85759 -0.01176  0.12911
   0.87413 -0.00964  0.14369
   0.89043 -0.00771  0.15501
   0.90649 -0.00602  0.16379
   0.92231 -0.00457  0.16604
   0.93789 -0.00335  0.16634
   0.95309 -0.00235  0.16874
   0.96766 -0.00153  0.17209
   0.98110 -0.00086  0.17553
   0.99297 -0.00031  0.17842
   1.00000  0.00000  0.17871
