x z                                             
 Alfa =  28.75000 Re = 19899914.000 Xflap,Yflap =     0.000000    0.000000
#    x        y        Cp  
   1.00000  0.00000 -0.31549
   0.97779  0.00280 -0.31959
   0.95049  0.00672 -0.32509
   0.91312  0.01370 -0.33288
   0.86653  0.02459 -0.34306
   0.81175  0.03815 -0.35594
   0.75000  0.05077 -0.37227
   0.68267  0.06156 -0.39295
   0.61126  0.07169 -0.41894
   0.53737  0.08148 -0.45187
   0.46264  0.09003 -0.49478
   0.38874  0.09470 -0.55351
   0.31733  0.09324 -0.63474
   0.25000  0.08731 -0.73018
   0.18826  0.07988 -0.86241
   0.13347  0.06975 -1.71695
   0.08688  0.05843 -2.97198
   0.04952  0.04477 -4.31353
   0.02221  0.03034 -6.91802
   0.00559  0.01526-11.81107
   0.00000  0.00000-15.10889
   0.00559 -0.01332 -4.78567
   0.02221 -0.02641 -0.33835
   0.04952 -0.03699  0.78166
   0.08688 -0.04673  0.98976
   0.13347 -0.05474  0.97732
   0.18826 -0.06141  0.89375
   0.25000 -0.06720  0.77125
   0.31733 -0.07008  0.64933
   0.38874 -0.07045  0.51651
   0.46264 -0.06735  0.38276
   0.53737 -0.05945  0.30274
   0.61126 -0.04794  0.28469
   0.68267 -0.03626  0.26276
   0.75000 -0.02655  0.19017
   0.81175 -0.01812  0.10903
   0.86653 -0.01059  0.07611
   0.91312 -0.00538  0.00396
   0.95049 -0.00251 -0.15272
   0.97779 -0.00102 -0.46743
   1.00000  0.00000 -0.31549
