x z                                             
 Alfa =  -4.50000 Re = 19899914.000 Xflap,Yflap =     0.000000    0.000000
#    x        y        Cp  
   1.00000  0.00000  0.29933
   0.99304  0.00085  0.24804
   0.98139  0.00233  0.23506
   0.96842  0.00406  0.23256
   0.95462  0.00607  0.23262
   0.94040  0.00841  0.22585
   0.92581  0.01112  0.21119
   0.91082  0.01419  0.18992
   0.89539  0.01763  0.16128
   0.87955  0.02138  0.12611
   0.86341  0.02537  0.08471
   0.84723  0.02944  0.03771
   0.83119  0.03346 -0.01035
   0.81535  0.03730 -0.05526
   0.79961  0.04089 -0.08799
   0.78384  0.04426 -0.11115
   0.76793  0.04743 -0.12760
   0.75181  0.05044 -0.13883
   0.73543  0.05330 -0.14473
   0.71877  0.05604 -0.14662
   0.70185  0.05868 -0.14664
   0.68468  0.06126 -0.14647
   0.66733  0.06380 -0.14896
   0.64986  0.06631 -0.15303
   0.63232  0.06878 -0.15851
   0.61475  0.07121 -0.16528
   0.59716  0.07361 -0.17455
   0.57957  0.07597 -0.18531
   0.56200  0.07830 -0.19824
   0.54450  0.08057 -0.21180
   0.52712  0.08277 -0.22839
   0.50990  0.08488 -0.24762
   0.49289  0.08686 -0.28161
   0.47611  0.08868 -0.31374
   0.45958  0.09032 -0.33230
   0.44329  0.09174 -0.35281
   0.42725  0.09293 -0.37187
   0.41143  0.09386 -0.38742
   0.39579  0.09451 -0.39772
   0.38029  0.09485 -0.39881
   0.36489  0.09490 -0.39096
   0.34951  0.09465 -0.37742
   0.33407  0.09412 -0.35756
   0.31844  0.09331 -0.33211
   0.30249  0.09221 -0.29670
   0.28605  0.09084 -0.25782
   0.26915  0.08925 -0.21973
   0.25199  0.08752 -0.18840
   0.23505  0.08575 -0.17504
   0.21871  0.08393 -0.16927
   0.20300  0.08197 -0.15965
   0.18773  0.07980 -0.14099
   0.17253  0.07731 -0.10374
   0.15713  0.07450 -0.05933
   0.14163  0.07144 -0.01325
   0.12656  0.06829  0.01861
   0.11252  0.06516  0.04098
   0.09968  0.06199  0.06996
   0.08789  0.05873  0.11111
   0.07692  0.05529  0.16890
   0.06673  0.05171  0.23708
   0.05747  0.04812  0.30923
   0.04930  0.04467  0.37896
   0.04221  0.04144  0.44275
   0.03610  0.03842  0.50688
   0.03080  0.03556  0.57294
   0.02614  0.03283  0.63858
   0.02200  0.03020  0.70354
   0.01830  0.02763  0.76508
   0.01502  0.02511  0.82874
   0.01215  0.02262  0.88955
   0.00966  0.02017  0.94186
   0.00753  0.01777  0.97987
   0.00571  0.01543  0.99887
   0.00418  0.01317  0.99366
   0.00292  0.01099  0.96019
   0.00190  0.00890  0.89111
   0.00111  0.00688  0.78684
   0.00053  0.00492  0.63118
   0.00016  0.00301  0.43855
  -0.00000  0.00113  0.19554
   0.00005 -0.00075 -0.05514
   0.00032 -0.00262 -0.28239
   0.00080 -0.00453 -0.49971
   0.00151 -0.00647 -0.69858
   0.00244 -0.00845 -0.87242
   0.00361 -0.01050 -1.04553
   0.00504 -0.01260 -1.19403
   0.00675 -0.01474 -1.34784
   0.00876 -0.01690 -1.47107
   0.01110 -0.01906 -1.55433
   0.01381 -0.02120 -1.59042
   0.01689 -0.02332 -1.58468
   0.02036 -0.02539 -1.53909
   0.02422 -0.02744 -1.48668
   0.02854 -0.02947 -1.43355
   0.03343 -0.03151 -1.36475
   0.03906 -0.03360 -1.28564
   0.04565 -0.03579 -1.17404
   0.05342 -0.03817 -1.07487
   0.06252 -0.04076 -1.04568
   0.07286 -0.04346 -1.02590
   0.08412 -0.04612 -1.00464
   0.09611 -0.04862 -0.96879
   0.10894 -0.05096 -0.92183
   0.12277 -0.05318 -0.86934
   0.13768 -0.05532 -0.81901
   0.15355 -0.05739 -0.77890
   0.17006 -0.05937 -0.74590
   0.18687 -0.06126 -0.72307
   0.20364 -0.06305 -0.72092
   0.22017 -0.06471 -0.72762
   0.23643 -0.06616 -0.73505
   0.25251 -0.06737 -0.73555
   0.26859 -0.06834 -0.72057
   0.28487 -0.06909 -0.69993
   0.30143 -0.06967 -0.67787
   0.31826 -0.07010 -0.65831
   0.33524 -0.07041 -0.64692
   0.35223 -0.07059 -0.63959
   0.36910 -0.07062 -0.63311
   0.38580 -0.07049 -0.62742
   0.40233 -0.07019 -0.62107
   0.41870 -0.06970 -0.61321
   0.43495 -0.06902 -0.60317
   0.45109 -0.06813 -0.58964
   0.46717 -0.06701 -0.57013
   0.48320 -0.06566 -0.54468
   0.49923 -0.06408 -0.51438
   0.51530 -0.06227 -0.48028
   0.53148 -0.06024 -0.44255
   0.54784 -0.05799 -0.39964
   0.56446 -0.05551 -0.35342
   0.58139 -0.05285 -0.30588
   0.59861 -0.05004 -0.25901
   0.61602 -0.04714 -0.21453
   0.63346 -0.04423 -0.17401
   0.65079 -0.04136 -0.13763
   0.66797 -0.03858 -0.10560
   0.68503 -0.03590 -0.07873
   0.70210 -0.03333 -0.05775
   0.71927 -0.03084 -0.04000
   0.73659 -0.02840 -0.02382
   0.75405 -0.02599 -0.00859
   0.77159 -0.02361  0.00699
   0.78910 -0.02123  0.02387
   0.80652 -0.01884  0.04382
   0.82377 -0.01643  0.06900
   0.84080 -0.01405  0.09684
   0.85759 -0.01176  0.12369
   0.87413 -0.00964  0.14763
   0.89043 -0.00771  0.16787
   0.90649 -0.00602  0.18521
   0.92231 -0.00457  0.19880
   0.93789 -0.00335  0.20970
   0.95309 -0.00235  0.21972
   0.96766 -0.00153  0.23053
   0.98110 -0.00086  0.24546
   0.99297 -0.00031  0.26803
   1.00000  0.00000  0.29933
