x z                                             
 Alfa =  20.62500 Re = 19899914.000 Xflap,Yflap =     0.000000    0.000000
#    x        y        Cp  
   1.00000  0.00000 -0.04010
   0.97779  0.00280 -0.04644
   0.95049  0.00672 -0.05547
   0.91312  0.01370 -0.06826
   0.86653  0.02459 -0.08489
   0.81175  0.03815 -0.10581
   0.75000  0.05077 -0.13227
   0.68267  0.06156 -0.16426
   0.61126  0.07169 -0.19866
   0.53737  0.08148 -0.24060
   0.46264  0.09003 -0.64338
   0.38874  0.09470 -1.15062
   0.31733  0.09324 -1.46619
   0.25000  0.08731 -1.64811
   0.18826  0.07988 -2.15664
   0.13347  0.06975 -2.56930
   0.08688  0.05843 -3.55345
   0.04952  0.04477 -4.53407
   0.02221  0.03034 -6.60791
   0.00559  0.01526-10.31181
   0.00000  0.00000-11.71023
   0.00559 -0.01332 -2.89968
   0.02221 -0.02641  0.32728
   0.04952 -0.03699  0.95363
   0.08688 -0.04673  0.98829
   0.13347 -0.05474  0.89564
   0.18826 -0.06141  0.77936
   0.25000 -0.06720  0.63708
   0.31733 -0.07008  0.51841
   0.38874 -0.07045  0.39473
   0.46264 -0.06735  0.27905
   0.53737 -0.05945  0.22881
   0.61126 -0.04794  0.24304
   0.68267 -0.03626  0.24833
   0.75000 -0.02655  0.20162
   0.81175 -0.01812  0.14813
   0.86653 -0.01059  0.13906
   0.91312 -0.00538  0.09118
   0.95049 -0.00251 -0.03396
   0.97779 -0.00102 -0.31966
   1.00000  0.00000 -0.04010
