x z                                             
 Alfa = -20.00000 Re = 19899914.000 Xflap,Yflap =     0.000000    0.000000
#    x        y        Cp  
   1.00000  0.00000 -0.45852
   0.99304  0.00085 -1.78519
   0.98139  0.00233 -0.35227
   0.96842  0.00406 -0.41416
   0.95462  0.00607 -0.18125
   0.94040  0.00841 -0.11215
   0.92581  0.01112 -0.06680
   0.91082  0.01419 -0.04164
   0.89539  0.01763 -0.03337
   0.87955  0.02138 -0.03563
   0.86341  0.02537 -0.04546
   0.84723  0.02944 -0.06114
   0.83119  0.03346 -0.07881
   0.81535  0.03730 -0.09440
   0.79961  0.04089 -0.09678
   0.78384  0.04426 -0.09091
   0.76793  0.04743 -0.07862
   0.75181  0.05044 -0.06308
   0.73543  0.05330 -0.04285
   0.71877  0.05604 -0.01972
   0.70185  0.05868  0.00351
   0.68468  0.06126  0.02675
   0.66733  0.06380  0.04575
   0.64986  0.06631  0.06440
   0.63232  0.06878  0.08060
   0.61475  0.07121  0.09606
   0.59716  0.07361  0.10892
   0.57957  0.07597  0.12112
   0.56200  0.07830  0.13170
   0.54450  0.08057  0.14102
   0.52712  0.08277  0.14772
   0.50990  0.08488  0.15430
   0.49289  0.08686  0.15966
   0.47611  0.08868  0.16645
   0.45958  0.09032  0.17463
   0.44329  0.09174  0.18301
   0.42725  0.09293  0.19599
   0.41143  0.09386  0.21056
   0.39579  0.09451  0.23032
   0.38029  0.09485  0.25374
   0.36489  0.09490  0.28335
   0.34951  0.09465  0.31749
   0.33407  0.09412  0.35417
   0.31844  0.09331  0.39301
   0.30249  0.09221  0.43693
   0.28605  0.09084  0.48389
   0.26915  0.08925  0.52931
   0.25199  0.08752  0.57166
   0.23505  0.08575  0.60836
   0.21871  0.08393  0.64302
   0.20300  0.08197  0.67915
   0.18773  0.07980  0.71745
   0.17253  0.07731  0.76105
   0.15713  0.07450  0.80713
   0.14163  0.07144  0.84956
   0.12656  0.06829  0.89058
   0.11252  0.06516  0.92604
   0.09968  0.06199  0.95716
   0.08789  0.05873  0.98215
   0.07692  0.05529  0.99746
   0.06673  0.05171  0.99832
   0.05747  0.04812  0.98159
   0.04930  0.04467  0.94008
   0.04221  0.04144  0.87876
   0.03610  0.03842  0.78214
   0.03080  0.03556  0.65967
   0.02614  0.03283  0.48591
   0.02200  0.03020  0.28892
   0.01830  0.02763 -0.01088
   0.01502  0.02511 -0.37425
   0.01215  0.02262 -0.83297
   0.00966  0.02017 -1.37047
   0.00753  0.01777 -1.98614
   0.00571  0.01543 -2.63821
   0.00418  0.01317 -3.50634
   0.00292  0.01099 -4.42110
   0.00190  0.00890 -5.57451
   0.00111  0.00688 -6.79272
   0.00053  0.00492 -8.02034
   0.00016  0.00301 -9.44398
  -0.00000  0.00113-10.63078
   0.00005 -0.00075-11.58642
   0.00032 -0.00262-11.92068
   0.00080 -0.00453-11.89635
   0.00151 -0.00647-11.93928
   0.00244 -0.00845-11.59863
   0.00361 -0.01050-11.32565
   0.00504 -0.01260-11.02598
   0.00675 -0.01474-10.65702
   0.00876 -0.01690-10.31957
   0.01110 -0.01906 -9.56934
   0.01381 -0.02120 -9.02657
   0.01689 -0.02332 -8.33461
   0.02036 -0.02539 -7.58100
   0.02422 -0.02744 -6.96644
   0.02854 -0.02947 -6.31686
   0.03343 -0.03151 -5.77587
   0.03906 -0.03360 -5.15408
   0.04565 -0.03579 -4.59645
   0.05342 -0.03817 -4.10873
   0.06252 -0.04076 -3.76835
   0.07286 -0.04346 -3.46365
   0.08412 -0.04612 -3.18895
   0.09611 -0.04862 -2.93564
   0.10894 -0.05096 -2.67668
   0.12277 -0.05318 -2.43499
   0.13768 -0.05532 -2.21659
   0.15355 -0.05739 -2.02263
   0.17006 -0.05937 -1.86709
   0.18687 -0.06126 -1.73528
   0.20364 -0.06305 -1.64603
   0.22017 -0.06471 -1.57561
   0.23643 -0.06616 -1.51375
   0.25251 -0.06737 -1.44189
   0.26859 -0.06834 -1.36555
   0.28487 -0.06909 -1.27749
   0.30143 -0.06967 -1.19427
   0.31826 -0.07010 -1.11695
   0.33524 -0.07041 -1.04950
   0.35223 -0.07059 -0.98644
   0.36910 -0.07062 -0.92884
   0.38580 -0.07049 -0.87023
   0.40233 -0.07019 -0.81158
   0.41870 -0.06970 -0.75031
   0.43495 -0.06902 -0.68591
   0.45109 -0.06813 -0.61576
   0.46717 -0.06701 -0.53847
   0.48320 -0.06566 -0.45563
   0.49923 -0.06408 -0.36974
   0.51530 -0.06227 -0.28318
   0.53148 -0.06024 -0.20184
   0.54784 -0.05799 -0.13181
   0.56446 -0.05551 -0.08066
   0.58139 -0.05285 -0.05201
   0.59861 -0.05004 -0.06261
   0.61602 -0.04714 -0.06283
   0.63346 -0.04423 -0.05872
   0.65079 -0.04136 -0.05349
   0.66797 -0.03858 -0.04778
   0.68503 -0.03590 -0.04181
   0.70210 -0.03333 -0.03563
   0.71927 -0.03084 -0.02928
   0.73659 -0.02840 -0.02280
   0.75405 -0.02599 -0.01624
   0.77159 -0.02361 -0.00967
   0.78910 -0.02123 -0.00314
   0.80652 -0.01884  0.00328
   0.82377 -0.01643  0.00955
   0.84080 -0.01405  0.01566
   0.85759 -0.01176  0.02162
   0.87413 -0.00964  0.02742
   0.89043 -0.00771  0.03309
   0.90649 -0.00602  0.03862
   0.92231 -0.00457  0.04402
   0.93789 -0.00335  0.04929
   0.95309 -0.00235  0.05436
   0.96766 -0.00153  0.05914
   0.98110 -0.00086  0.06345
   0.99297 -0.00031  0.06704
   1.00000  0.00000  0.06857
