x z                                             
 Alfa =  26.87500 Re = 19899914.000 Xflap,Yflap =     0.000000    0.000000
#    x        y        Cp  
   1.00000  0.00000 -0.21587
   0.97779  0.00280 -0.22063
   0.95049  0.00672 -0.22710
   0.91312  0.01370 -0.23633
   0.86653  0.02459 -0.24853
   0.81175  0.03815 -0.26421
   0.75000  0.05077 -0.28454
   0.68267  0.06156 -0.31076
   0.61126  0.07169 -0.34389
   0.53737  0.08148 -0.38450
   0.46264  0.09003 -0.43115
   0.38874  0.09470 -0.48071
   0.31733  0.09324 -0.55854
   0.25000  0.08731 -1.07553
   0.18826  0.07988 -1.77970
   0.13347  0.06975 -2.39560
   0.08688  0.05843 -3.58823
   0.04952  0.04477 -4.89364
   0.02221  0.03034 -7.56535
   0.00559  0.01526-12.60732
   0.00000  0.00000-15.83783
   0.00559 -0.01332 -4.96159
   0.02221 -0.02641 -0.35995
   0.04952 -0.03699  0.78261
   0.08688 -0.04673  0.99066
   0.13347 -0.05474  0.97563
   0.18826 -0.06141  0.89066
   0.25000 -0.06720  0.76789
   0.31733 -0.07008  0.64766
   0.38874 -0.07045  0.51808
   0.46264 -0.06735  0.38928
   0.53737 -0.05945  0.31469
   0.61126 -0.04794  0.30120
   0.68267 -0.03626  0.28382
   0.75000 -0.02655  0.21749
   0.81175 -0.01812  0.14344
   0.86653 -0.01059  0.11552
   0.91312 -0.00538  0.04944
   0.95049 -0.00251 -0.09768
   0.97779 -0.00102 -0.40143
   1.00000  0.00000 -0.21587
