x z                                             
 Alfa =  14.87500 Re = 19899914.000 Xflap,Yflap =     0.000000    0.000000
#    x        y        Cp  
   1.00000  0.00000  0.10802
   0.97779  0.00280  0.10217
   0.95049  0.00672  0.09359
   0.91312  0.01370  0.08267
   0.86653  0.02459  0.07132
   0.81175  0.03815  0.07373
   0.75000  0.05077 -0.06748
   0.68267  0.06156 -0.24878
   0.61126  0.07169 -0.42858
   0.53737  0.08148 -0.65264
   0.46264  0.09003 -0.97747
   0.38874  0.09470 -1.34334
   0.31733  0.09324 -1.52114
   0.25000  0.08731 -1.58444
   0.18826  0.07988 -1.96696
   0.13347  0.06975 -2.22618
   0.08688  0.05843 -2.95283
   0.04952  0.04477 -3.57879
   0.02221  0.03034 -4.93326
   0.00559  0.01526 -7.12828
   0.00000  0.00000 -6.93424
   0.00559 -0.01332 -0.88540
   0.02221 -0.02641  0.84187
   0.04952 -0.03699  0.99357
   0.08688 -0.04673  0.88257
   0.13347 -0.05474  0.74094
   0.18826 -0.06141  0.61311
   0.25000 -0.06720  0.46440
   0.31733 -0.07008  0.36021
   0.38874 -0.07045  0.25239
   0.46264 -0.06735  0.15857
   0.53737 -0.05945  0.14101
   0.61126 -0.04794  0.18797
   0.68267 -0.03626  0.22540
   0.75000 -0.02655  0.20144
   0.81175 -0.01812  0.17482
   0.86653 -0.01059  0.19453
   0.91312 -0.00538  0.17928
   0.95049 -0.00251  0.10335
   0.97779 -0.00102 -0.07057
   1.00000  0.00000  0.10802
