x z                                             
 Alfa =  15.50000 Re = 19899914.000 Xflap,Yflap =     0.000000    0.000000
#    x        y        Cp  
   1.00000  0.00000  0.08776
   0.99304  0.00085  0.08604
   0.98139  0.00233  0.08212
   0.96842  0.00406  0.07768
   0.95462  0.00607  0.07303
   0.94040  0.00841  0.06839
   0.92581  0.01112  0.06386
   0.91082  0.01419  0.05946
   0.89539  0.01763  0.05527
   0.87955  0.02138  0.05147
   0.86341  0.02537  0.04852
   0.84723  0.02944  0.04816
   0.83119  0.03346  0.05879
   0.81535  0.03730  0.04889
   0.79961  0.04089  0.02289
   0.78384  0.04426 -0.01335
   0.76793  0.04743 -0.05675
   0.75181  0.05044 -0.10397
   0.73543  0.05330 -0.15198
   0.71877  0.05604 -0.19856
   0.70185  0.05868 -0.24326
   0.68468  0.06126 -0.28641
   0.66733  0.06380 -0.32942
   0.64986  0.06631 -0.37301
   0.63232  0.06878 -0.41710
   0.61475  0.07121 -0.46301
   0.59716  0.07361 -0.51093
   0.57957  0.07597 -0.56204
   0.56200  0.07830 -0.61648
   0.54450  0.08057 -0.67537
   0.52712  0.08277 -0.73926
   0.50990  0.08488 -0.81012
   0.49289  0.08686 -0.88400
   0.47611  0.08868 -0.96288
   0.45958  0.09032 -1.04292
   0.44329  0.09174 -1.12489
   0.42725  0.09293 -1.20748
   0.41143  0.09386 -1.28758
   0.39579  0.09451 -1.36151
   0.38029  0.09485 -1.42596
   0.36489  0.09490 -1.47732
   0.34951  0.09465 -1.52210
   0.33407  0.09412 -1.56012
   0.31844  0.09331 -1.58778
   0.30249  0.09221 -1.60613
   0.28605  0.09084 -1.62098
   0.26915  0.08925 -1.64065
   0.25199  0.08752 -1.67878
   0.23505  0.08575 -1.76086
   0.21871  0.08393 -1.86891
   0.20300  0.08197 -1.97969
   0.18773  0.07980 -2.08128
   0.17253  0.07731 -2.15406
   0.15713  0.07450 -2.22885
   0.14163  0.07144 -2.31136
   0.12656  0.06829 -2.47016
   0.11252  0.06516 -2.68308
   0.09968  0.06199 -2.91625
   0.08789  0.05873 -3.13438
   0.07692  0.05529 -3.32458
   0.06673  0.05171 -3.50333
   0.05747  0.04812 -3.69395
   0.04930  0.04467 -3.91006
   0.04221  0.04144 -4.18433
   0.03610  0.03842 -4.48410
   0.03080  0.03556 -4.75795
   0.02614  0.03283 -5.07090
   0.02200  0.03020 -5.39929
   0.01830  0.02763 -5.81882
   0.01502  0.02511 -6.27021
   0.01215  0.02262 -6.69187
   0.00966  0.02017 -7.08652
   0.00753  0.01777 -7.28335
   0.00571  0.01543 -7.44290
   0.00418  0.01317 -7.68381
   0.00292  0.01099 -7.83231
   0.00190  0.00890 -8.02304
   0.00111  0.00688 -8.14906
   0.00053  0.00492 -8.11580
   0.00016  0.00301 -8.09200
  -0.00000  0.00113 -7.63096
   0.00005 -0.00075 -6.97883
   0.00032 -0.00262 -6.08063
   0.00080 -0.00453 -5.01154
   0.00151 -0.00647 -4.03625
   0.00244 -0.00845 -3.18160
   0.00361 -0.01050 -2.37886
   0.00504 -0.01260 -1.69374
   0.00675 -0.01474 -1.12800
   0.00876 -0.01690 -0.63881
   0.01110 -0.01906 -0.21191
   0.01381 -0.02120  0.13020
   0.01689 -0.02332  0.40632
   0.02036 -0.02539  0.60779
   0.02422 -0.02744  0.75910
   0.02854 -0.02947  0.86104
   0.03343 -0.03151  0.93001
   0.03906 -0.03360  0.97397
   0.04565 -0.03579  0.99552
   0.05342 -0.03817  0.99935
   0.06252 -0.04076  0.98893
   0.07286 -0.04346  0.96504
   0.08412 -0.04612  0.93294
   0.09611 -0.04862  0.89799
   0.10894 -0.05096  0.85809
   0.12277 -0.05318  0.82075
   0.13768 -0.05532  0.78186
   0.15355 -0.05739  0.74220
   0.17006 -0.05937  0.70398
   0.18687 -0.06126  0.66697
   0.20364 -0.06305  0.62728
   0.22017 -0.06471  0.58790
   0.23643 -0.06616  0.54925
   0.25251 -0.06737  0.51400
   0.26859 -0.06834  0.48481
   0.28487 -0.06909  0.45923
   0.30143 -0.06967  0.43500
   0.31826 -0.07010  0.41029
   0.33524 -0.07041  0.38555
   0.35223 -0.07059  0.35899
   0.36910 -0.07062  0.33276
   0.38580 -0.07049  0.30872
   0.40233 -0.07019  0.28423
   0.41870 -0.06970  0.26239
   0.43495 -0.06902  0.24117
   0.45109 -0.06813  0.22306
   0.46717 -0.06701  0.20853
   0.48320 -0.06566  0.19831
   0.49923 -0.06408  0.19171
   0.51530 -0.06227  0.18868
   0.53148 -0.06024  0.18764
   0.54784 -0.05799  0.19161
   0.56446 -0.05551  0.19880
   0.58139 -0.05285  0.20776
   0.59861 -0.05004  0.21791
   0.61602 -0.04714  0.22747
   0.63346 -0.04423  0.23630
   0.65079 -0.04136  0.24290
   0.66797 -0.03858  0.24589
   0.68503 -0.03590  0.26054
   0.70210 -0.03333  0.25571
   0.71927 -0.03084  0.24891
   0.73659 -0.02840  0.24136
   0.75405 -0.02599  0.23293
   0.77159 -0.02361  0.22450
   0.78910 -0.02123  0.21728
   0.80652 -0.01884  0.21202
   0.82377 -0.01643  0.21310
   0.84080 -0.01405  0.21840
   0.85759 -0.01176  0.22254
   0.87413 -0.00964  0.22311
   0.89043 -0.00771  0.21886
   0.90649 -0.00602  0.20932
   0.92231 -0.00457  0.19020
   0.93789 -0.00335  0.16199
   0.95309 -0.00235  0.12054
   0.96766 -0.00153  0.05996
   0.98110 -0.00086 -0.02073
   0.99297 -0.00031 -0.21870
   1.00000  0.00000  0.08776
