x z                                             
 Alfa =  29.25000 Re = 19899914.000 Xflap,Yflap =     0.000000    0.000000
#    x        y        Cp  
   1.00000  0.00000 -0.32250
   0.97779  0.00280 -0.32655
   0.95049  0.00672 -0.33198
   0.91312  0.01370 -0.33966
   0.86653  0.02459 -0.34970
   0.81175  0.03815 -0.36238
   0.75000  0.05077 -0.37843
   0.68267  0.06156 -0.39871
   0.61126  0.07169 -0.42413
   0.53737  0.08148 -0.45624
   0.46264  0.09003 -0.49786
   0.38874  0.09470 -0.55440
   0.31733  0.09324 -0.63203
   0.25000  0.08731 -0.72346
   0.18826  0.07988 -0.83610
   0.13347  0.06975 -1.68878
   0.08688  0.05843 -2.97280
   0.04952  0.04477 -4.34828
   0.02221  0.03034 -7.01416
   0.00559  0.01526-12.04434
   0.00000  0.00000-15.54051
   0.00559 -0.01332 -5.00733
   0.02221 -0.02641 -0.41815
   0.04952 -0.03699  0.75787
   0.08688 -0.04673  0.98519
   0.13347 -0.05474  0.98210
   0.18826 -0.06141  0.90292
   0.25000 -0.06720  0.78332
   0.31733 -0.07008  0.66225
   0.38874 -0.07045  0.52979
   0.46264 -0.06735  0.39579
   0.53737 -0.05945  0.31411
   0.61126 -0.04794  0.29378
   0.68267 -0.03626  0.27003
   0.75000 -0.02655  0.19613
   0.81175 -0.01812  0.11364
   0.86653 -0.01059  0.07912
   0.91312 -0.00538  0.00550
   0.95049 -0.00251 -0.15277
   0.97779 -0.00102 -0.46950
   1.00000  0.00000 -0.32250
