x z                                             
 Alfa =  29.75000 Re = 19899914.000 Xflap,Yflap =     0.000000    0.000000
#    x        y        Cp  
   1.00000  0.00000 -0.49656
   0.99304  0.00085 -0.49782
   0.98139  0.00233 -0.50005
   0.96842  0.00406 -0.50257
   0.95462  0.00607 -0.50528
   0.94040  0.00841 -0.50810
   0.92581  0.01112 -0.51103
   0.91082  0.01419 -0.51406
   0.89539  0.01763 -0.51722
   0.87955  0.02138 -0.52052
   0.86341  0.02537 -0.52392
   0.84723  0.02944 -0.52740
   0.83119  0.03346 -0.53091
   0.81535  0.03730 -0.53446
   0.79961  0.04089 -0.53806
   0.78384  0.04426 -0.54178
   0.76793  0.04743 -0.54563
   0.75181  0.05044 -0.54964
   0.73543  0.05330 -0.55384
   0.71877  0.05604 -0.55825
   0.70185  0.05868 -0.56288
   0.68468  0.06126 -0.56773
   0.66733  0.06380 -0.57280
   0.64986  0.06631 -0.57808
   0.63232  0.06878 -0.58358
   0.61475  0.07121 -0.58929
   0.59716  0.07361 -0.59523
   0.57957  0.07597 -0.60142
   0.56200  0.07830 -0.60786
   0.54450  0.08057 -0.61456
   0.52712  0.08277 -0.62154
   0.50990  0.08488 -0.62879
   0.49289  0.08686 -0.63632
   0.47611  0.08868 -0.64417
   0.45958  0.09032 -0.65236
   0.44329  0.09174 -0.66093
   0.42725  0.09293 -0.66992
   0.41143  0.09386 -0.67942
   0.39579  0.09451 -0.68951
   0.38029  0.09485 -0.70029
   0.36489  0.09490 -0.71191
   0.34951  0.09465 -0.72451
   0.33407  0.09412 -0.73833
   0.31844  0.09331 -0.75364
   0.30249  0.09221 -0.77089
   0.28605  0.09084 -0.79056
   0.26915  0.08925 -0.81311
   0.25199  0.08752 -0.83875
   0.23505  0.08575 -0.86729
   0.21871  0.08393 -0.89853
   0.20300  0.08197 -0.93289
   0.18773  0.07980 -0.97134
   0.17253  0.07731 -1.01549
   0.15713  0.07450 -1.06662
   0.14163  0.07144 -1.12441
   0.12656  0.06829 -1.18578
   0.11252  0.06516 -1.24519
   0.09968  0.06199 -1.29175
   0.08789  0.05873 -1.66626
   0.07692  0.05529 -2.15167
   0.06673  0.05171 -2.60848
   0.05747  0.04812 -3.03980
   0.04930  0.04467 -3.46904
   0.04221  0.04144 -3.94986
   0.03610  0.03842 -4.44179
   0.03080  0.03556 -4.94447
   0.02614  0.03283 -5.46460
   0.02200  0.03020 -6.05803
   0.01830  0.02763 -6.75761
   0.01502  0.02511 -7.52303
   0.01215  0.02262 -8.24223
   0.00966  0.02017 -8.91979
   0.00753  0.01777 -9.49164
   0.00571  0.01543 -9.96938
   0.00418  0.01317-10.54569
   0.00292  0.01099-11.48998
   0.00190  0.00890-11.91159
   0.00111  0.00688-12.44213
   0.00053  0.00492-12.81077
   0.00016  0.00301-13.09532
  -0.00000  0.00113-12.93485
   0.00005 -0.00075-12.30643
   0.00032 -0.00262-11.18620
   0.00080 -0.00453 -9.77655
   0.00151 -0.00647 -8.45209
   0.00244 -0.00845 -7.14199
   0.00361 -0.01050 -5.95332
   0.00504 -0.01260 -4.89767
   0.00675 -0.01474 -3.94698
   0.00876 -0.01690 -3.12435
   0.01110 -0.01906 -2.33557
   0.01381 -0.02120 -1.65575
   0.01689 -0.02332 -1.06082
   0.02036 -0.02539 -0.58146
   0.02422 -0.02744 -0.18928
   0.02854 -0.02947  0.10619
   0.03343 -0.03151  0.35271
   0.03906 -0.03360  0.55144
   0.04565 -0.03579  0.70464
   0.05342 -0.03817  0.81994
   0.06252 -0.04076  0.89942
   0.07286 -0.04346  0.95348
   0.08412 -0.04612  0.98472
   0.09611 -0.04862  0.99837
   0.10894 -0.05096  0.99874
   0.12277 -0.05318  0.98924
   0.13768 -0.05532  0.97256
   0.15355 -0.05739  0.95011
   0.17006 -0.05937  0.92426
   0.18687 -0.06126  0.89584
   0.20364 -0.06305  0.86497
   0.22017 -0.06471  0.83278
   0.23643 -0.06616  0.79905
   0.25251 -0.06737  0.76632
   0.26859 -0.06834  0.73564
   0.28487 -0.06909  0.70630
   0.30143 -0.06967  0.67707
   0.31826 -0.07010  0.64742
   0.33524 -0.07041  0.61591
   0.35223 -0.07059  0.58518
   0.36910 -0.07062  0.55293
   0.38580 -0.07049  0.52137
   0.40233 -0.07019  0.48993
   0.41870 -0.06970  0.46005
   0.43495 -0.06902  0.43027
   0.45109 -0.06813  0.40247
   0.46717 -0.06701  0.37779
   0.48320 -0.06566  0.35534
   0.49923 -0.06408  0.33687
   0.51530 -0.06227  0.32039
   0.53148 -0.06024  0.30673
   0.54784 -0.05799  0.29676
   0.56446 -0.05551  0.29051
   0.58139 -0.05285  0.28544
   0.59861 -0.05004  0.28207
   0.61602 -0.04714  0.27886
   0.63346 -0.04423  0.27498
   0.65079 -0.04136  0.26990
   0.66797 -0.03858  0.26354
   0.68503 -0.03590  0.25409
   0.70210 -0.03333  0.24011
   0.71927 -0.03084  0.22290
   0.73659 -0.02840  0.20380
   0.75405 -0.02599  0.18266
   0.77159 -0.02361  0.16023
   0.78910 -0.02123  0.13838
   0.80652 -0.01884  0.11787
   0.82377 -0.01643  0.10406
   0.84080 -0.01405  0.09498
   0.85759 -0.01176  0.08464
   0.87413 -0.00964  0.06997
   0.89043 -0.00771  0.04934
   0.90649 -0.00602  0.02118
   0.92231 -0.00457 -0.01976
   0.93789 -0.00335 -0.07405
   0.95309 -0.00235 -0.14684
   0.96766 -0.00153 -0.24581
   0.98110 -0.00086 -0.36871
   0.99297 -0.00031 -0.58898
   1.00000  0.00000 -0.49656
