x z                                             
 Alfa =  16.87500 Re = 19899914.000 Xflap,Yflap =     0.000000    0.000000
#    x        y        Cp  
   1.00000  0.00000  0.06238
   0.97779  0.00280  0.05636
   0.95049  0.00672  0.04769
   0.91312  0.01370  0.03622
   0.86653  0.02459  0.02289
   0.81175  0.03815  0.00892
   0.75000  0.05077  0.00600
   0.68267  0.06156 -0.13181
   0.61126  0.07169 -0.34136
   0.53737  0.08148 -0.59631
   0.46264  0.09003 -0.94747
   0.38874  0.09470 -1.34457
   0.31733  0.09324 -1.55788
   0.25000  0.08731 -1.65526
   0.18826  0.07988 -2.08361
   0.13347  0.06975 -2.39730
   0.08688  0.05843 -3.22323
   0.04952  0.04477 -3.98159
   0.02221  0.03034 -5.60524
   0.00559  0.01526 -8.35902
   0.00000  0.00000 -8.70156
   0.00559 -0.01332 -1.59208
   0.02221 -0.02641  0.68434
   0.04952 -0.03699  0.99882
   0.08688 -0.04673  0.93639
   0.13347 -0.05474  0.80868
   0.18826 -0.06141  0.68281
   0.25000 -0.06720  0.53500
   0.31733 -0.07008  0.42460
   0.38874 -0.07045  0.31022
   0.46264 -0.06735  0.20826
   0.53737 -0.05945  0.17837
   0.61126 -0.04794  0.21320
   0.68267 -0.03626  0.23754
   0.75000 -0.02655  0.20798
   0.81175 -0.01812  0.17165
   0.86653 -0.01059  0.18044
   0.91312 -0.00538  0.15315
   0.95049 -0.00251  0.05972
   0.97779 -0.00102 -0.15241
   1.00000  0.00000  0.06238
