x z                                             
 Alfa =  27.75000 Re = 19899914.000 Xflap,Yflap =     0.000000    0.000000
#    x        y        Cp  
   1.00000  0.00000 -0.34295
   0.99304  0.00085 -0.34438
   0.98139  0.00233 -0.34692
   0.96842  0.00406 -0.34979
   0.95462  0.00607 -0.35289
   0.94040  0.00841 -0.35613
   0.92581  0.01112 -0.35949
   0.91082  0.01419 -0.36299
   0.89539  0.01763 -0.36665
   0.87955  0.02138 -0.37048
   0.86341  0.02537 -0.37446
   0.84723  0.02944 -0.37855
   0.83119  0.03346 -0.38270
   0.81535  0.03730 -0.38692
   0.79961  0.04089 -0.39124
   0.78384  0.04426 -0.39572
   0.76793  0.04743 -0.40039
   0.75181  0.05044 -0.40530
   0.73543  0.05330 -0.41047
   0.71877  0.05604 -0.41593
   0.70185  0.05868 -0.42171
   0.68468  0.06126 -0.42780
   0.66733  0.06380 -0.43422
   0.64986  0.06631 -0.44096
   0.63232  0.06878 -0.44803
   0.61475  0.07121 -0.45544
   0.59716  0.07361 -0.46321
   0.57957  0.07597 -0.47136
   0.56200  0.07830 -0.47992
   0.54450  0.08057 -0.48891
   0.52712  0.08277 -0.49834
   0.50990  0.08488 -0.50822
   0.49289  0.08686 -0.51858
   0.47611  0.08868 -0.52946
   0.45958  0.09032 -0.54090
   0.44329  0.09174 -0.55296
   0.42725  0.09293 -0.56571
   0.41143  0.09386 -0.57926
   0.39579  0.09451 -0.59372
   0.38029  0.09485 -0.60922
   0.36489  0.09490 -0.62593
   0.34951  0.09465 -0.64400
   0.33407  0.09412 -0.66367
   0.31844  0.09331 -0.68520
   0.30249  0.09221 -0.70899
   0.28605  0.09084 -0.73527
   0.26915  0.08925 -0.76385
   0.25199  0.08752 -0.79349
   0.23505  0.08575 -0.81992
   0.21871  0.08393 -0.82527
   0.20300  0.08197 -0.95648
   0.18773  0.07980 -1.16783
   0.17253  0.07731 -1.39911
   0.15713  0.07450 -1.62892
   0.14163  0.07144 -1.86556
   0.12656  0.06829 -2.14654
   0.11252  0.06516 -2.48154
   0.09968  0.06199 -2.83725
   0.08789  0.05873 -3.20054
   0.07692  0.05529 -3.54575
   0.06673  0.05171 -3.89622
   0.05747  0.04812 -4.26179
   0.04930  0.04467 -4.66370
   0.04221  0.04144 -5.14260
   0.03610  0.03842 -5.65722
   0.03080  0.03556 -6.17510
   0.02614  0.03283 -6.73988
   0.02200  0.03020 -7.35676
   0.01830  0.02763 -8.14200
   0.01502  0.02511 -8.96415
   0.01215  0.02262 -9.74947
   0.00966  0.02017-10.44456
   0.00753  0.01777-11.09700
   0.00571  0.01543-11.59110
   0.00418  0.01317-12.22736
   0.00292  0.01099-13.17434
   0.00190  0.00890-13.68483
   0.00111  0.00688-14.22126
   0.00053  0.00492-14.63639
   0.00016  0.00301-14.87637
  -0.00000  0.00113-14.69904
   0.00005 -0.00075-13.94179
   0.00032 -0.00262-12.65111
   0.00080 -0.00453-11.08335
   0.00151 -0.00647 -9.54595
   0.00244 -0.00845 -8.10317
   0.00361 -0.01050 -6.77947
   0.00504 -0.01260 -5.55772
   0.00675 -0.01474 -4.55220
   0.00876 -0.01690 -3.58284
   0.01110 -0.01906 -2.72155
   0.01381 -0.02120 -1.95473
   0.01689 -0.02332 -1.31581
   0.02036 -0.02539 -0.76306
   0.02422 -0.02744 -0.33988
   0.02854 -0.02947 -0.00098
   0.03343 -0.03151  0.26648
   0.03906 -0.03360  0.49011
   0.04565 -0.03579  0.66031
   0.05342 -0.03817  0.78990
   0.06252 -0.04076  0.87902
   0.07286 -0.04346  0.94152
   0.08412 -0.04612  0.97822
   0.09611 -0.04862  0.99630
   0.10894 -0.05096  0.99972
   0.12277 -0.05318  0.99266
   0.13768 -0.05532  0.97727
   0.15355 -0.05739  0.95664
   0.17006 -0.05937  0.93147
   0.18687 -0.06126  0.90424
   0.20364 -0.06305  0.87431
   0.22017 -0.06471  0.84289
   0.23643 -0.06616  0.81037
   0.25251 -0.06737  0.77840
   0.26859 -0.06834  0.74896
   0.28487 -0.06909  0.72020
   0.30143 -0.06967  0.69140
   0.31826 -0.07010  0.66373
   0.33524 -0.07041  0.63285
   0.35223 -0.07059  0.60296
   0.36910 -0.07062  0.57266
   0.38580 -0.07049  0.54186
   0.40233 -0.07019  0.51263
   0.41870 -0.06970  0.48342
   0.43495 -0.06902  0.45614
   0.45109 -0.06813  0.42898
   0.46717 -0.06701  0.40650
   0.48320 -0.06566  0.38530
   0.49923 -0.06408  0.36811
   0.51530 -0.06227  0.35280
   0.53148 -0.06024  0.34062
   0.54784 -0.05799  0.33173
   0.56446 -0.05551  0.32632
   0.58139 -0.05285  0.32233
   0.59861 -0.05004  0.32015
   0.61602 -0.04714  0.31768
   0.63346 -0.04423  0.31511
   0.65079 -0.04136  0.31086
   0.66797 -0.03858  0.30585
   0.68503 -0.03590  0.29811
   0.70210 -0.03333  0.28553
   0.71927 -0.03084  0.27079
   0.73659 -0.02840  0.25376
   0.75405 -0.02599  0.23535
   0.77159 -0.02361  0.21547
   0.78910 -0.02123  0.19662
   0.80652 -0.01884  0.17885
   0.82377 -0.01643  0.16755
   0.84080 -0.01405  0.16065
   0.85759 -0.01176  0.15264
   0.87413 -0.00964  0.14076
   0.89043 -0.00771  0.12355
   0.90649 -0.00602  0.09957
   0.92231 -0.00457  0.06403
   0.93789 -0.00335  0.01669
   0.95309 -0.00235 -0.04731
   0.96766 -0.00153 -0.13443
   0.98110 -0.00086 -0.24239
   0.99297 -0.00031 -0.44051
   1.00000  0.00000 -0.34295
