x z                                             
 Alfa =  13.37500 Re = 19899914.000 Xflap,Yflap =     0.000000    0.000000
#    x        y        Cp  
   1.00000  0.00000  0.13356
   0.97779  0.00280  0.12746
   0.95049  0.00672  0.11847
   0.91312  0.01370  0.10736
   0.86653  0.02459  0.09844
   0.81175  0.03815  0.06566
   0.75000  0.05077 -0.12918
   0.68267  0.06156 -0.29288
   0.61126  0.07169 -0.45226
   0.53737  0.08148 -0.65982
   0.46264  0.09003 -0.96741
   0.38874  0.09470 -1.31062
   0.31733  0.09324 -1.46371
   0.25000  0.08731 -1.50361
   0.18826  0.07988 -1.84849
   0.13347  0.06975 -2.06595
   0.08688  0.05843 -2.71173
   0.04952  0.04477 -3.23307
   0.02221  0.03034 -4.37408
   0.00559  0.01526 -6.13792
   0.00000  0.00000 -5.56756
   0.00559 -0.01332 -0.37663
   0.02221 -0.02641  0.93273
   0.04952 -0.03699  0.96901
   0.08688 -0.04673  0.82492
   0.13347 -0.05474  0.67608
   0.18826 -0.06141  0.54922
   0.25000 -0.06720  0.40054
   0.31733 -0.07008  0.30231
   0.38874 -0.07045  0.20000
   0.46264 -0.06735  0.11277
   0.53737 -0.05945  0.10502
   0.61126 -0.04794  0.16193
   0.68267 -0.03626  0.20844
   0.75000 -0.02655  0.19037
   0.81175 -0.01812  0.17039
   0.86653 -0.01059  0.19714
   0.91312 -0.00538  0.18970
   0.95049 -0.00251  0.12441
   0.97779 -0.00102 -0.02795
   1.00000  0.00000  0.13356
