x z                                             
 Alfa = -23.50000 Re = 19899914.000 Xflap,Yflap =     0.000000    0.000000
#    x        y        Cp  
   1.00000  0.00000 -0.27213
   0.97779  0.00280 -0.62837
   0.95049  0.00672 -0.26742
   0.91312  0.01370 -0.15851
   0.86653  0.02459 -0.18543
   0.81175  0.03815 -0.25638
   0.75000  0.05077 -0.20715
   0.68267  0.06156 -0.09273
   0.61126  0.07169 -0.00868
   0.53737  0.08148  0.04499
   0.46264  0.09003  0.07482
   0.38874  0.09470  0.14419
   0.31733  0.09324  0.31912
   0.25000  0.08731  0.51482
   0.18826  0.07988  0.65678
   0.13347  0.06975  0.82418
   0.08688  0.05843  0.95516
   0.04952  0.04477  0.98723
   0.02221  0.03034  0.60122
   0.00559  0.01526 -1.56403
   0.00000  0.00000 -9.00348
   0.00559 -0.01332 -8.45183
   0.02221 -0.02641 -5.13416
   0.04952 -0.03699 -2.68012
   0.08688 -0.04673 -1.60350
   0.13347 -0.05474 -0.51987
   0.18826 -0.06141 -0.72183
   0.25000 -0.06720 -0.66801
   0.31733 -0.07008 -0.57874
   0.38874 -0.07045 -0.50350
   0.46264 -0.06735 -0.44754
   0.53737 -0.05945 -0.40637
   0.61126 -0.04794 -0.37517
   0.68267 -0.03626 -0.35047
   0.75000 -0.02655 -0.33034
   0.81175 -0.01812 -0.31393
   0.86653 -0.01059 -0.30070
   0.91312 -0.00538 -0.29014
   0.95049 -0.00251 -0.28203
   0.97779 -0.00102 -0.27632
   1.00000  0.00000 -0.27213
