x z                                             
 Alfa =  18.75000 Re = 19899914.000 Xflap,Yflap =     0.000000    0.000000
#    x        y        Cp  
   1.00000  0.00000  0.00893
   0.97779  0.00280  0.00236
   0.95049  0.00672 -0.00703
   0.91312  0.01370 -0.02004
   0.86653  0.02459 -0.03634
   0.81175  0.03815 -0.05599
   0.75000  0.05077 -0.08030
   0.68267  0.06156 -0.10751
   0.61126  0.07169 -0.16060
   0.53737  0.08148 -0.43908
   0.46264  0.09003 -0.83578
   0.38874  0.09470 -1.27383
   0.31733  0.09324 -1.52973
   0.25000  0.08731 -1.66508
   0.18826  0.07988 -2.13300
   0.13347  0.06975 -2.49503
   0.08688  0.05843 -3.39996
   0.04952  0.04477 -4.26963
   0.02221  0.03034 -6.11734
   0.00559  0.01526 -9.33731
   0.00000  0.00000-10.18706
   0.00559 -0.01332 -2.22216
   0.02221 -0.02641  0.52079
   0.04952 -0.03699  0.98427
   0.08688 -0.04673  0.96756
   0.13347 -0.05474  0.85542
   0.18826 -0.06141  0.73302
   0.25000 -0.06720  0.58713
   0.31733 -0.07008  0.47192
   0.38874 -0.07045  0.35213
   0.46264 -0.06735  0.24292
   0.53737 -0.05945  0.20239
   0.61126 -0.04794  0.22675
   0.68267 -0.03626  0.24042
   0.75000 -0.02655  0.20315
   0.81175 -0.01812  0.15862
   0.86653 -0.01059  0.15731
   0.91312 -0.00538  0.11734
   0.95049 -0.00251  0.00488
   0.97779 -0.00102 -0.24987
   1.00000  0.00000  0.00893
