x z                                             
 Alfa =  17.25000 Re = 19899914.000 Xflap,Yflap =     0.000000    0.000000
#    x        y        Cp  
   1.00000  0.00000  0.04624
   0.97779  0.00280  0.03984
   0.95049  0.00672  0.03065
   0.91312  0.01370  0.01829
   0.86653  0.02459  0.00349
   0.81175  0.03815 -0.01324
   0.75000  0.05077 -0.02997
   0.68267  0.06156 -0.08081
   0.61126  0.07169 -0.28946
   0.53737  0.08148 -0.55727
   0.46264  0.09003 -0.91724
   0.38874  0.09470 -1.32157
   0.31733  0.09324 -1.54319
   0.25000  0.08731 -1.64796
   0.18826  0.07988 -2.08244
   0.13347  0.06975 -2.40483
   0.08688  0.05843 -3.24207
   0.04952  0.04477 -4.01717
   0.02221  0.03034 -5.67384
   0.00559  0.01526 -8.49762
   0.00000  0.00000 -8.91200
   0.00559 -0.01332 -1.68141
   0.02221 -0.02641  0.66185
   0.04952 -0.03699  0.99772
   0.08688 -0.04673  0.94172
   0.13347 -0.05474  0.81583
   0.18826 -0.06141  0.69009
   0.25000 -0.06720  0.54220
   0.31733 -0.07008  0.43055
   0.38874 -0.07045  0.31477
   0.46264 -0.06735  0.21109
   0.53737 -0.05945  0.17906
   0.61126 -0.04794  0.21202
   0.68267 -0.03626  0.23342
   0.75000 -0.02655  0.20324
   0.81175 -0.01812  0.16413
   0.86653 -0.01059  0.17031
   0.91312 -0.00538  0.13961
   0.95049 -0.00251  0.04047
   0.97779 -0.00102 -0.18525
   1.00000  0.00000  0.04624
