x z                                             
 Alfa =  29.37500 Re = 19899914.000 Xflap,Yflap =     0.000000    0.000000
#    x        y        Cp  
   1.00000  0.00000 -0.32418
   0.97779  0.00280 -0.32822
   0.95049  0.00672 -0.33363
   0.91312  0.01370 -0.34129
   0.86653  0.02459 -0.35129
   0.81175  0.03815 -0.36391
   0.75000  0.05077 -0.37989
   0.68267  0.06156 -0.40006
   0.61126  0.07169 -0.42533
   0.53737  0.08148 -0.45722
   0.46264  0.09003 -0.49851
   0.38874  0.09470 -0.55452
   0.31733  0.09324 -0.63141
   0.25000  0.08731 -0.72228
   0.18826  0.07988 -0.83075
   0.13347  0.06975 -1.68071
   0.08688  0.05843 -2.97150
   0.04952  0.04477 -4.35654
   0.02221  0.03034 -7.03751
   0.00559  0.01526-12.10231
   0.00000  0.00000-15.64311
   0.00559 -0.01332 -5.06449
   0.02221 -0.02641 -0.43753
   0.04952 -0.03699  0.75166
   0.08688 -0.04673  0.98394
   0.13347 -0.05474  0.98320
   0.18826 -0.06141  0.90517
   0.25000 -0.06720  0.78620
   0.31733 -0.07008  0.66544
   0.38874 -0.07045  0.53303
   0.46264 -0.06735  0.39898
   0.53737 -0.05945  0.31694
   0.61126 -0.04794  0.29601
   0.68267 -0.03626  0.27183
   0.75000 -0.02655  0.19758
   0.81175 -0.01812  0.11474
   0.86653 -0.01059  0.07982
   0.91312 -0.00538  0.00581
   0.95049 -0.00251 -0.15294
   0.97779 -0.00102 -0.47034
   1.00000  0.00000 -0.32418
