x z                                             
 Alfa = -12.50000 Re = 19899914.000 Xflap,Yflap =     0.000000    0.000000
#    x        y        Cp  
   1.00000  0.00000  0.26266
   0.99304  0.00085  0.15351
   0.98139  0.00233  0.19794
   0.96842  0.00406  0.22373
   0.95462  0.00607  0.24460
   0.94040  0.00841  0.25237
   0.92581  0.01112  0.24915
   0.91082  0.01419  0.23816
   0.89539  0.01763  0.21937
   0.87955  0.02138  0.19500
   0.86341  0.02537  0.16517
   0.84723  0.02944  0.13136
   0.83119  0.03346  0.09664
   0.81535  0.03730  0.05485
   0.79961  0.04089  0.03310
   0.78384  0.04426  0.02492
   0.76793  0.04743  0.02061
   0.75181  0.05044  0.02021
   0.73543  0.05330  0.02423
   0.71877  0.05604  0.03162
   0.70185  0.05868  0.04051
   0.68468  0.06126  0.04932
   0.66733  0.06380  0.05591
   0.64986  0.06631  0.06162
   0.63232  0.06878  0.06585
   0.61475  0.07121  0.06934
   0.59716  0.07361  0.07099
   0.57957  0.07597  0.07165
   0.56200  0.07830  0.07050
   0.54450  0.08057  0.06899
   0.52712  0.08277  0.06427
   0.50990  0.08488  0.05864
   0.49289  0.08686  0.05214
   0.47611  0.08868  0.04700
   0.45958  0.09032  0.04229
   0.44329  0.09174  0.03924
   0.42725  0.09293  0.03910
   0.41143  0.09386  0.04201
   0.39579  0.09451  0.04949
   0.38029  0.09485  0.06494
   0.36489  0.09490  0.08509
   0.34951  0.09465  0.11123
   0.33407  0.09412  0.14085
   0.31844  0.09331  0.17509
   0.30249  0.09221  0.21550
   0.28605  0.09084  0.25946
   0.26915  0.08925  0.30227
   0.25199  0.08752  0.34301
   0.23505  0.08575  0.37377
   0.21871  0.08393  0.40118
   0.20300  0.08197  0.43146
   0.18773  0.07980  0.46833
   0.17253  0.07731  0.51408
   0.15713  0.07450  0.56584
   0.14163  0.07144  0.61775
   0.12656  0.06829  0.66621
   0.11252  0.06516  0.71170
   0.09968  0.06199  0.75857
   0.08789  0.05873  0.80836
   0.07692  0.05529  0.85955
   0.06673  0.05171  0.90796
   0.05747  0.04812  0.94853
   0.04930  0.04467  0.97890
   0.04221  0.04144  0.99624
   0.03610  0.03842  0.99928
   0.03080  0.03556  0.98513
   0.02614  0.03283  0.95100
   0.02200  0.03020  0.89198
   0.01830  0.02763  0.79802
   0.01502  0.02511  0.66071
   0.01215  0.02262  0.46973
   0.00966  0.02017  0.22288
   0.00753  0.01777 -0.06872
   0.00571  0.01543 -0.43522
   0.00418  0.01317 -0.88273
   0.00292  0.01099 -1.40217
   0.00190  0.00890 -2.04741
   0.00111  0.00688 -2.75645
   0.00053  0.00492 -3.56561
   0.00016  0.00301 -4.42131
  -0.00000  0.00113 -5.31544
   0.00005 -0.00075 -5.95101
   0.00032 -0.00262 -6.34931
   0.00080 -0.00453 -6.59466
   0.00151 -0.00647 -6.68449
   0.00244 -0.00845 -6.72760
   0.00361 -0.01050 -6.69157
   0.00504 -0.01260 -6.65589
   0.00675 -0.01474 -6.58853
   0.00876 -0.01690 -6.47191
   0.01110 -0.01906 -6.26815
   0.01381 -0.02120 -6.01376
   0.01689 -0.02332 -5.63152
   0.02036 -0.02539 -5.10763
   0.02422 -0.02744 -4.74464
   0.02854 -0.02947 -4.41379
   0.03343 -0.03151 -4.05899
   0.03906 -0.03360 -3.69691
   0.04565 -0.03579 -3.32053
   0.05342 -0.03817 -3.02049
   0.06252 -0.04076 -2.80769
   0.07286 -0.04346 -2.63042
   0.08412 -0.04612 -2.47108
   0.09611 -0.04862 -2.30755
   0.10894 -0.05096 -2.14118
   0.12277 -0.05318 -1.97648
   0.13768 -0.05532 -1.82721
   0.15355 -0.05739 -1.70146
   0.17006 -0.05937 -1.59500
   0.18687 -0.06126 -1.51251
   0.20364 -0.06305 -1.46422
   0.22017 -0.06471 -1.43122
   0.23643 -0.06616 -1.40434
   0.25251 -0.06737 -1.37091
   0.26859 -0.06834 -1.32018
   0.28487 -0.06909 -1.26460
   0.30143 -0.06967 -1.20943
   0.31826 -0.07010 -1.15911
   0.33524 -0.07041 -1.12110
   0.35223 -0.07059 -1.08861
   0.36910 -0.07062 -1.05915
   0.38580 -0.07049 -1.03148
   0.40233 -0.07019 -1.00443
   0.41870 -0.06970 -0.97626
   0.43495 -0.06902 -0.94633
   0.45109 -0.06813 -0.91272
   0.46717 -0.06701 -0.87344
   0.48320 -0.06566 -0.82763
   0.49923 -0.06408 -0.77768
   0.51530 -0.06227 -0.72406
   0.53148 -0.06024 -0.66710
   0.54784 -0.05799 -0.60573
   0.56446 -0.05551 -0.54196
   0.58139 -0.05285 -0.47784
   0.59861 -0.05004 -0.41593
   0.61602 -0.04714 -0.35772
   0.63346 -0.04423 -0.30482
   0.65079 -0.04136 -0.25739
   0.66797 -0.03858 -0.21556
   0.68503 -0.03590 -0.17927
   0.70210 -0.03333 -0.14850
   0.71927 -0.03084 -0.12081
   0.73659 -0.02840 -0.09467
   0.75405 -0.02599 -0.06924
   0.77159 -0.02361 -0.04351
   0.78910 -0.02123 -0.01693
   0.80652 -0.01884  0.01149
   0.82377 -0.01643  0.04202
   0.84080 -0.01405  0.07254
   0.85759 -0.01176  0.10089
   0.87413 -0.00964  0.12609
   0.89043 -0.00771  0.14798
   0.90649 -0.00602  0.16721
   0.92231 -0.00457  0.18394
   0.93789 -0.00335  0.19880
   0.95309 -0.00235  0.21263
   0.96766 -0.00153  0.22578
   0.98110 -0.00086  0.23855
   0.99297 -0.00031  0.25122
   1.00000  0.00000  0.26266
