x z                                             
 Alfa =  21.12500 Re = 19899914.000 Xflap,Yflap =     0.000000    0.000000
#    x        y        Cp  
   1.00000  0.00000 -0.07674
   0.97779  0.00280 -0.08298
   0.95049  0.00672 -0.09183
   0.91312  0.01370 -0.10451
   0.86653  0.02459 -0.12137
   0.81175  0.03815 -0.14325
   0.75000  0.05077 -0.17185
   0.68267  0.06156 -0.20770
   0.61126  0.07169 -0.24852
   0.53737  0.08148 -0.28968
   0.46264  0.09003 -0.40156
   0.38874  0.09470 -0.96865
   0.31733  0.09324 -1.34040
   0.25000  0.08731 -1.55141
   0.18826  0.07988 -2.06701
   0.13347  0.06975 -2.48855
   0.08688  0.05843 -3.46836
   0.04952  0.04477 -4.45035
   0.02221  0.03034 -6.51097
   0.00559  0.01526-10.19707
   0.00000  0.00000-11.60297
   0.00559 -0.01332 -2.87288
   0.02221 -0.02641  0.33216
   0.04952 -0.03699  0.95403
   0.08688 -0.04673  0.98807
   0.13347 -0.05474  0.89517
   0.18826 -0.06141  0.77811
   0.25000 -0.06720  0.63467
   0.31733 -0.07008  0.51465
   0.38874 -0.07045  0.38888
   0.46264 -0.06735  0.27085
   0.53737 -0.05945  0.21848
   0.61126 -0.04794  0.23126
   0.68267 -0.03626  0.23483
   0.75000 -0.02655  0.18524
   0.81175 -0.01812  0.12828
   0.86653 -0.01059  0.11654
   0.91312 -0.00538  0.06464
   0.95049 -0.00251 -0.06743
   0.97779 -0.00102 -0.36718
   1.00000  0.00000 -0.07674
