x z                                             
 Alfa =  19.00000 Re = 19899914.000 Xflap,Yflap =     0.000000    0.000000
#    x        y        Cp  
   1.00000  0.00000  0.00449
   0.97779  0.00280 -0.00203
   0.95049  0.00672 -0.01136
   0.91312  0.01370 -0.02429
   0.86653  0.02459 -0.04054
   0.81175  0.03815 -0.06019
   0.75000  0.05077 -0.08449
   0.68267  0.06156 -0.11228
   0.61126  0.07169 -0.15197
   0.53737  0.08148 -0.42290
   0.46264  0.09003 -0.82461
   0.38874  0.09470 -1.26846
   0.31733  0.09324 -1.53033
   0.25000  0.08731 -1.67051
   0.18826  0.07988 -2.14462
   0.13347  0.06975 -2.51366
   0.08688  0.05843 -3.43191
   0.04952  0.04477 -4.31806
   0.02221  0.03034 -6.20156
   0.00559  0.01526 -9.50084
   0.00000  0.00000-10.42793
   0.00559 -0.01332 -2.32668
   0.02221 -0.02641  0.49218
   0.04952 -0.03699  0.98054
   0.08688 -0.04673  0.97157
   0.13347 -0.05474  0.86221
   0.18826 -0.06141  0.74069
   0.25000 -0.06720  0.59543
   0.31733 -0.07008  0.47963
   0.38874 -0.07045  0.35950
   0.46264 -0.06735  0.24940
   0.53737 -0.05945  0.20748
   0.61126 -0.04794  0.23043
   0.68267 -0.03626  0.24301
   0.75000 -0.02655  0.20356
   0.81175 -0.01812  0.15961
   0.86653 -0.01059  0.15748
   0.91312 -0.00538  0.11605
   0.95049 -0.00251  0.00190
   0.97779 -0.00102 -0.25618
   1.00000  0.00000  0.00449
