x z                                             
 Alfa =  20.00000 Re = 19899914.000 Xflap,Yflap =     0.000000    0.000000
#    x        y        Cp  
   1.00000  0.00000 -0.07823
   0.99304  0.00085 -0.08046
   0.98139  0.00233 -0.08473
   0.96842  0.00406 -0.08955
   0.95462  0.00607 -0.09473
   0.94040  0.00841 -0.10006
   0.92581  0.01112 -0.10552
   0.91082  0.01419 -0.11113
   0.89539  0.01763 -0.11691
   0.87955  0.02138 -0.12285
   0.86341  0.02537 -0.12893
   0.84723  0.02944 -0.13507
   0.83119  0.03346 -0.14124
   0.81535  0.03730 -0.14744
   0.79961  0.04089 -0.15376
   0.78384  0.04426 -0.16027
   0.76793  0.04743 -0.16699
   0.75181  0.05044 -0.17396
   0.73543  0.05330 -0.18113
   0.71877  0.05604 -0.18847
   0.70185  0.05868 -0.19583
   0.68468  0.06126 -0.20296
   0.66733  0.06380 -0.20921
   0.64986  0.06631 -0.21249
   0.63232  0.06878 -0.20312
   0.61475  0.07121 -0.21810
   0.59716  0.07361 -0.25312
   0.57957  0.07597 -0.30268
   0.56200  0.07830 -0.36502
   0.54450  0.08057 -0.43781
   0.52712  0.08277 -0.51992
   0.50990  0.08488 -0.60922
   0.49289  0.08686 -0.70460
   0.47611  0.08868 -0.80275
   0.45958  0.09032 -0.90531
   0.44329  0.09174 -1.00782
   0.42725  0.09293 -1.11093
   0.41143  0.09386 -1.21218
   0.39579  0.09451 -1.30715
   0.38029  0.09485 -1.39381
   0.36489  0.09490 -1.46665
   0.34951  0.09465 -1.53473
   0.33407  0.09412 -1.59376
   0.31844  0.09331 -1.64464
   0.30249  0.09221 -1.68436
   0.28605  0.09084 -1.72332
   0.26915  0.08925 -1.76625
   0.25199  0.08752 -1.83069
   0.23505  0.08575 -1.93821
   0.21871  0.08393 -2.07224
   0.20300  0.08197 -2.21496
   0.18773  0.07980 -2.35023
   0.17253  0.07731 -2.45740
   0.15713  0.07450 -2.56776
   0.14163  0.07144 -2.70026
   0.12656  0.06829 -2.90715
   0.11252  0.06516 -3.18587
   0.09968  0.06199 -3.48848
   0.08789  0.05873 -3.78807
   0.07692  0.05529 -4.05622
   0.06673  0.05171 -4.32907
   0.05747  0.04812 -4.61013
   0.04930  0.04467 -4.92512
   0.04221  0.04144 -5.33586
   0.03610  0.03842 -5.75952
   0.03080  0.03556 -6.18295
   0.02614  0.03283 -6.64429
   0.02200  0.03020 -7.15850
   0.01830  0.02763 -7.80792
   0.01502  0.02511 -8.47483
   0.01215  0.02262 -9.10960
   0.00966  0.02017 -9.59537
   0.00753  0.01777-10.05833
   0.00571  0.01543-10.55378
   0.00418  0.01317-11.01803
   0.00292  0.01099-11.46130
   0.00190  0.00890-11.81843
   0.00111  0.00688-12.16184
   0.00053  0.00492-12.31977
   0.00016  0.00301-12.49034
  -0.00000  0.00113-12.07026
   0.00005 -0.00075-11.30657
   0.00032 -0.00262-10.10272
   0.00080 -0.00453 -8.66568
   0.00151 -0.00647 -7.33878
   0.00244 -0.00845 -5.99472
   0.00361 -0.01050 -4.94192
   0.00504 -0.01260 -3.87495
   0.00675 -0.01474 -3.05218
   0.00876 -0.01690 -2.22832
   0.01110 -0.01906 -1.55352
   0.01381 -0.02120 -0.97147
   0.01689 -0.02332 -0.47246
   0.02036 -0.02539 -0.07941
   0.02422 -0.02744  0.22865
   0.02854 -0.02947  0.45576
   0.03343 -0.03151  0.63515
   0.03906 -0.03360  0.77193
   0.04565 -0.03579  0.86976
   0.05342 -0.03817  0.93790
   0.06252 -0.04076  0.97799
   0.07286 -0.04346  0.99720
   0.08412 -0.04612  0.99895
   0.09611 -0.04862  0.98825
   0.10894 -0.05096  0.96851
   0.12277 -0.05318  0.94358
   0.13768 -0.05532  0.91443
   0.15355 -0.05739  0.88256
   0.17006 -0.05937  0.84899
   0.18687 -0.06126  0.81526
   0.20364 -0.06305  0.77970
   0.22017 -0.06471  0.74362
   0.23643 -0.06616  0.70895
   0.25251 -0.06737  0.67316
   0.26859 -0.06834  0.64453
   0.28487 -0.06909  0.61602
   0.30143 -0.06967  0.58915
   0.31826 -0.07010  0.56376
   0.33524 -0.07041  0.53504
   0.35223 -0.07059  0.50720
   0.36910 -0.07062  0.47951
   0.38580 -0.07049  0.45218
   0.40233 -0.07019  0.42543
   0.41870 -0.06970  0.40098
   0.43495 -0.06902  0.37727
   0.45109 -0.06813  0.35542
   0.46717 -0.06701  0.33731
   0.48320 -0.06566  0.32204
   0.49923 -0.06408  0.31041
   0.51530 -0.06227  0.30199
   0.53148 -0.06024  0.29568
   0.54784 -0.05799  0.29383
   0.56446 -0.05551  0.29427
   0.58139 -0.05285  0.29748
   0.59861 -0.05004  0.30177
   0.61602 -0.04714  0.30562
   0.63346 -0.04423  0.30937
   0.65079 -0.04136  0.31134
   0.66797 -0.03858  0.31220
   0.68503 -0.03590  0.31037
   0.70210 -0.03333  0.30435
   0.71927 -0.03084  0.29601
   0.73659 -0.02840  0.28592
   0.75405 -0.02599  0.27449
   0.77159 -0.02361  0.26256
   0.78910 -0.02123  0.25143
   0.80652 -0.01884  0.24205
   0.82377 -0.01643  0.23849
   0.84080 -0.01405  0.23910
   0.85759 -0.01176  0.23873
   0.87413 -0.00964  0.23523
   0.89043 -0.00771  0.22741
   0.90649 -0.00602  0.21442
   0.92231 -0.00457  0.19204
   0.93789 -0.00335  0.16121
   0.95309 -0.00235  0.11794
   0.96766 -0.00153  0.05964
   0.98110 -0.00086 -0.00763
   0.99297 -0.00031 -0.08762
   1.00000  0.00000 -0.07823
