x z                                             
 Alfa =   9.50000 Re = 19899914.000 Xflap,Yflap =     0.000000    0.000000
#    x        y        Cp  
   1.00000  0.00000  0.25208
   0.99304  0.00085  0.24275
   0.98139  0.00233  0.23144
   0.96842  0.00406  0.21944
   0.95462  0.00607  0.20650
   0.94040  0.00841  0.19128
   0.92581  0.01112  0.17257
   0.91082  0.01419  0.14927
   0.89539  0.01763  0.11988
   0.87955  0.02138  0.08305
   0.86341  0.02537  0.03813
   0.84723  0.02944 -0.01492
   0.83119  0.03346 -0.07322
   0.81535  0.03730 -0.13254
   0.79961  0.04089 -0.18615
   0.78384  0.04426 -0.23257
   0.76793  0.04743 -0.27291
   0.75181  0.05044 -0.30751
   0.73543  0.05330 -0.33682
   0.71877  0.05604 -0.36184
   0.70185  0.05868 -0.38435
   0.68468  0.06126 -0.40662
   0.66733  0.06380 -0.43073
   0.64986  0.06631 -0.45716
   0.63232  0.06878 -0.48534
   0.61475  0.07121 -0.51593
   0.59716  0.07361 -0.54987
   0.57957  0.07597 -0.58706
   0.56200  0.07830 -0.62807
   0.54450  0.08057 -0.67273
   0.52712  0.08277 -0.72394
   0.50990  0.08488 -0.78020
   0.49289  0.08686 -0.84021
   0.47611  0.08868 -0.90256
   0.45958  0.09032 -0.96695
   0.44329  0.09174 -1.03142
   0.42725  0.09293 -1.09550
   0.41143  0.09386 -1.15627
   0.39579  0.09451 -1.21064
   0.38029  0.09485 -1.25489
   0.36489  0.09490 -1.28579
   0.34951  0.09465 -1.31097
   0.33407  0.09412 -1.32698
   0.31844  0.09331 -1.33527
   0.30249  0.09221 -1.33138
   0.28605  0.09084 -1.32536
   0.26915  0.08925 -1.32094
   0.25199  0.08752 -1.33361
   0.23505  0.08575 -1.38404
   0.21871  0.08393 -1.45472
   0.20300  0.08197 -1.52558
   0.18773  0.07980 -1.58691
   0.17253  0.07731 -1.62034
   0.15713  0.07450 -1.64604
   0.14163  0.07144 -1.68237
   0.12656  0.06829 -1.77073
   0.11252  0.06516 -1.90419
   0.09968  0.06199 -2.03890
   0.08789  0.05873 -2.16244
   0.07692  0.05529 -2.25600
   0.06673  0.05171 -2.33021
   0.05747  0.04812 -2.40712
   0.04930  0.04467 -2.49724
   0.04221  0.04144 -2.62832
   0.03610  0.03842 -2.75500
   0.03080  0.03556 -2.87254
   0.02614  0.03283 -2.97900
   0.02200  0.03020 -3.22009
   0.01830  0.02763 -3.39510
   0.01502  0.02511 -3.55314
   0.01215  0.02262 -3.69178
   0.00966  0.02017 -3.76663
   0.00753  0.01777 -3.78845
   0.00571  0.01543 -3.76649
   0.00418  0.01317 -3.74730
   0.00292  0.01099 -3.70566
   0.00190  0.00890 -3.66073
   0.00111  0.00688 -3.56686
   0.00053  0.00492 -3.40297
   0.00016  0.00301 -3.18669
  -0.00000  0.00113 -2.83285
   0.00005 -0.00075 -2.40096
   0.00032 -0.00262 -1.80736
   0.00080 -0.00453 -1.27043
   0.00151 -0.00647 -0.77345
   0.00244 -0.00845 -0.34554
   0.00361 -0.01050  0.01467
   0.00504 -0.01260  0.31141
   0.00675 -0.01474  0.53628
   0.00876 -0.01690  0.71171
   0.01110 -0.01906  0.84317
   0.01381 -0.02120  0.92861
   0.01689 -0.02332  0.97840
   0.02036 -0.02539  0.99816
   0.02422 -0.02744  0.99724
   0.02854 -0.02947  0.98170
   0.03343 -0.03151  0.95511
   0.03906 -0.03360  0.92178
   0.04565 -0.03579  0.88343
   0.05342 -0.03817  0.83949
   0.06252 -0.04076  0.78887
   0.07286 -0.04346  0.73357
   0.08412 -0.04612  0.67867
   0.09611 -0.04862  0.62786
   0.10894 -0.05096  0.58251
   0.12277 -0.05318  0.54252
   0.13768 -0.05532  0.50488
   0.15355 -0.05739  0.46860
   0.17006 -0.05937  0.43381
   0.18687 -0.06126  0.40033
   0.20364 -0.06305  0.36205
   0.22017 -0.06471  0.32386
   0.23643 -0.06616  0.28662
   0.25251 -0.06737  0.25450
   0.26859 -0.06834  0.23106
   0.28487 -0.06909  0.21247
   0.30143 -0.06967  0.19536
   0.31826 -0.07010  0.17875
   0.33524 -0.07041  0.15945
   0.35223 -0.07059  0.13909
   0.36910 -0.07062  0.11863
   0.38580 -0.07049  0.09987
   0.40233 -0.07019  0.08175
   0.41870 -0.06970  0.06518
   0.43495 -0.06902  0.05097
   0.45109 -0.06813  0.04000
   0.46717 -0.06701  0.03263
   0.48320 -0.06566  0.03069
   0.49923 -0.06408  0.03243
   0.51530 -0.06227  0.03807
   0.53148 -0.06024  0.04675
   0.54784 -0.05799  0.05962
   0.56446 -0.05551  0.07562
   0.58139 -0.05285  0.09101
   0.59861 -0.05004  0.10576
   0.61602 -0.04714  0.14582
   0.63346 -0.04423  0.15929
   0.65079 -0.04136  0.17189
   0.66797 -0.03858  0.18343
   0.68503 -0.03590  0.19212
   0.70210 -0.03333  0.19591
   0.71927 -0.03084  0.19740
   0.73659 -0.02840  0.19764
   0.75405 -0.02599  0.19709
   0.77159 -0.02361  0.19647
   0.78910 -0.02123  0.19733
   0.80652 -0.01884  0.20068
   0.82377 -0.01643  0.21066
   0.84080 -0.01405  0.22489
   0.85759 -0.01176  0.23840
   0.87413 -0.00964  0.24906
   0.89043 -0.00771  0.25584
   0.90649 -0.00602  0.25910
   0.92231 -0.00457  0.25585
   0.93789 -0.00335  0.24751
   0.95309 -0.00235  0.23333
   0.96766 -0.00153  0.21287
   0.98110 -0.00086  0.19018
   0.99297 -0.00031  0.14994
   1.00000  0.00000  0.25208
