x z                                             
 Alfa =  10.62500 Re = 19899914.000 Xflap,Yflap =     0.000000    0.000000
#    x        y        Cp  
   1.00000  0.00000  0.23491
   0.99304  0.00085  0.22955
   0.98139  0.00233  0.22131
   0.96842  0.00406  0.21179
   0.95462  0.00607  0.20096
   0.94040  0.00841  0.18803
   0.92581  0.01112  0.17192
   0.91082  0.01419  0.15148
   0.89539  0.01763  0.12515
   0.87955  0.02138  0.09138
   0.86341  0.02537  0.04921
   0.84723  0.02944 -0.00157
   0.83119  0.03346 -0.05856
   0.81535  0.03730 -0.11772
   0.79961  0.04089 -0.17254
   0.78384  0.04426 -0.22106
   0.76793  0.04743 -0.26393
   0.75181  0.05044 -0.30110
   0.73543  0.05330 -0.33311
   0.71877  0.05604 -0.36075
   0.70185  0.05868 -0.38582
   0.68468  0.06126 -0.41045
   0.66733  0.06380 -0.43676
   0.64986  0.06631 -0.46551
   0.63232  0.06878 -0.49569
   0.61475  0.07121 -0.52841
   0.59716  0.07361 -0.56441
   0.57957  0.07597 -0.60398
   0.56200  0.07830 -0.64700
   0.54450  0.08057 -0.69437
   0.52712  0.08277 -0.74784
   0.50990  0.08488 -0.80668
   0.49289  0.08686 -0.86982
   0.47611  0.08868 -0.93540
   0.45958  0.09032 -1.00292
   0.44329  0.09174 -1.07070
   0.42725  0.09293 -1.13850
   0.41143  0.09386 -1.20329
   0.39579  0.09451 -1.26190
   0.38029  0.09485 -1.30861
   0.36489  0.09490 -1.34499
   0.34951  0.09465 -1.37246
   0.33407  0.09412 -1.39260
   0.31844  0.09331 -1.40534
   0.30249  0.09221 -1.40531
   0.28605  0.09084 -1.40119
   0.26915  0.08925 -1.40182
   0.25199  0.08752 -1.41972
   0.23505  0.08575 -1.47621
   0.21871  0.08393 -1.55439
   0.20300  0.08197 -1.63351
   0.18773  0.07980 -1.70331
   0.17253  0.07731 -1.74181
   0.15713  0.07450 -1.77859
   0.14163  0.07144 -1.82388
   0.12656  0.06829 -1.92562
   0.11252  0.06516 -2.07454
   0.09968  0.06199 -2.23014
   0.08789  0.05873 -2.37279
   0.07692  0.05529 -2.48274
   0.06673  0.05171 -2.57895
   0.05747  0.04812 -2.67597
   0.04930  0.04467 -2.79050
   0.04221  0.04144 -2.94690
   0.03610  0.03842 -3.11320
   0.03080  0.03556 -3.26442
   0.02614  0.03283 -3.40194
   0.02200  0.03020 -3.57325
   0.01830  0.02763 -3.93801
   0.01502  0.02511 -4.11771
   0.01215  0.02262 -4.27592
   0.00966  0.02017 -4.40423
   0.00753  0.01777 -4.46946
   0.00571  0.01543 -4.46817
   0.00418  0.01317 -4.48938
   0.00292  0.01099 -4.49997
   0.00190  0.00890 -4.46695
   0.00111  0.00688 -4.42817
   0.00053  0.00492 -4.25759
   0.00016  0.00301 -4.10587
  -0.00000  0.00113 -3.68390
   0.00005 -0.00075 -3.21920
   0.00032 -0.00262 -2.57213
   0.00080 -0.00453 -1.90289
   0.00151 -0.00647 -1.35296
   0.00244 -0.00845 -0.80091
   0.00361 -0.01050 -0.37343
   0.00504 -0.01260 -0.01096
   0.00675 -0.01474  0.28014
   0.00876 -0.01690  0.51929
   0.01110 -0.01906  0.70140
   0.01381 -0.02120  0.83394
   0.01689 -0.02332  0.92134
   0.02036 -0.02539  0.97209
   0.02422 -0.02744  0.99603
   0.02854 -0.02947  0.99919
   0.03343 -0.03151  0.98767
   0.03906 -0.03360  0.96544
   0.04565 -0.03579  0.93451
   0.05342 -0.03817  0.89748
   0.06252 -0.04076  0.85162
   0.07286 -0.04346  0.80101
   0.08412 -0.04612  0.74826
   0.09611 -0.04862  0.69889
   0.10894 -0.05096  0.65370
   0.12277 -0.05318  0.61176
   0.13768 -0.05532  0.57296
   0.15355 -0.05739  0.53494
   0.17006 -0.05937  0.49912
   0.18687 -0.06126  0.46314
   0.20364 -0.06305  0.42491
   0.22017 -0.06471  0.38578
   0.23643 -0.06616  0.34798
   0.25251 -0.06737  0.31485
   0.26859 -0.06834  0.29037
   0.28487 -0.06909  0.26965
   0.30143 -0.06967  0.25056
   0.31826 -0.07010  0.23268
   0.33524 -0.07041  0.21178
   0.35223 -0.07059  0.18972
   0.36910 -0.07062  0.16909
   0.38580 -0.07049  0.14832
   0.40233 -0.07019  0.12875
   0.41870 -0.06970  0.11160
   0.43495 -0.06902  0.09567
   0.45109 -0.06813  0.08321
   0.46717 -0.06701  0.07456
   0.48320 -0.06566  0.07076
   0.49923 -0.06408  0.07079
   0.51530 -0.06227  0.07467
   0.53148 -0.06024  0.08120
   0.54784 -0.05799  0.09264
   0.56446 -0.05551  0.10657
   0.58139 -0.05285  0.12162
   0.59861 -0.05004  0.13460
   0.61602 -0.04714  0.16245
   0.63346 -0.04423  0.18325
   0.65079 -0.04136  0.19450
   0.66797 -0.03858  0.20414
   0.68503 -0.03590  0.21121
   0.70210 -0.03333  0.21351
   0.71927 -0.03084  0.21379
   0.73659 -0.02840  0.21294
   0.75405 -0.02599  0.21106
   0.77159 -0.02361  0.20927
   0.78910 -0.02123  0.20886
   0.80652 -0.01884  0.21089
   0.82377 -0.01643  0.21943
   0.84080 -0.01405  0.23224
   0.85759 -0.01176  0.24424
   0.87413 -0.00964  0.25344
   0.89043 -0.00771  0.25867
   0.90649 -0.00602  0.26025
   0.92231 -0.00457  0.25497
   0.93789 -0.00335  0.24432
   0.95309 -0.00235  0.22696
   0.96766 -0.00153  0.20201
   0.98110 -0.00086  0.17276
   0.99297 -0.00031  0.11681
   1.00000  0.00000  0.23491
