x z                                             
 Alfa =  13.87500 Re = 19899914.000 Xflap,Yflap =     0.000000    0.000000
#    x        y        Cp  
   1.00000  0.00000  0.12540
   0.97779  0.00280  0.11939
   0.95049  0.00672  0.11054
   0.91312  0.01370  0.09949
   0.86653  0.02459  0.08932
   0.81175  0.03815  0.07276
   0.75000  0.05077 -0.11002
   0.68267  0.06156 -0.28060
   0.61126  0.07169 -0.44637
   0.53737  0.08148 -0.65917
   0.46264  0.09003 -0.97237
   0.38874  0.09470 -1.32317
   0.31733  0.09324 -1.48445
   0.25000  0.08731 -1.53202
   0.18826  0.07988 -1.88927
   0.13347  0.06975 -2.12089
   0.08688  0.05843 -2.79391
   0.04952  0.04477 -3.34951
   0.02221  0.03034 -4.56114
   0.00559  0.01526 -6.46905
   0.00000  0.00000 -6.01596
   0.00559 -0.01332 -0.54032
   0.02221 -0.02641  0.90626
   0.04952 -0.03699  0.97941
   0.08688 -0.04673  0.84562
   0.13347 -0.05474  0.69890
   0.18826 -0.06141  0.57127
   0.25000 -0.06720  0.42260
   0.31733 -0.07008  0.32214
   0.38874 -0.07045  0.21798
   0.46264 -0.06735  0.12848
   0.53737 -0.05945  0.11743
   0.61126 -0.04794  0.17082
   0.68267 -0.03626  0.21450
   0.75000 -0.02655  0.19431
   0.81175 -0.01812  0.17211
   0.86653 -0.01059  0.19656
   0.91312 -0.00538  0.18653
   0.95049 -0.00251  0.11769
   0.97779 -0.00102 -0.04189
   1.00000  0.00000  0.12540
