x z                                             
 Alfa =  19.62500 Re = 19899914.000 Xflap,Yflap =     0.000000    0.000000
#    x        y        Cp  
   1.00000  0.00000 -0.00720
   0.97779  0.00280 -0.01361
   0.95049  0.00672 -0.02276
   0.91312  0.01370 -0.03552
   0.86653  0.02459 -0.05170
   0.81175  0.03815 -0.07139
   0.75000  0.05077 -0.09576
   0.68267  0.06156 -0.12437
   0.61126  0.07169 -0.14139
   0.53737  0.08148 -0.37140
   0.46264  0.09003 -0.78540
   0.38874  0.09470 -1.24573
   0.31733  0.09324 -1.52336
   0.25000  0.08731 -1.67703
   0.18826  0.07988 -2.16492
   0.13347  0.06975 -2.55141
   0.08688  0.05843 -3.49860
   0.04952  0.04477 -4.42575
   0.02221  0.03034 -6.39250
   0.00559  0.01526 -9.86976
   0.00000  0.00000-10.99047
   0.00559 -0.01332 -2.57403
   0.02221 -0.02641  0.42294
   0.04952 -0.03699  0.97028
   0.08688 -0.04673  0.97971
   0.13347 -0.05474  0.87729
   0.18826 -0.06141  0.75797
   0.25000 -0.06720  0.61388
   0.31733 -0.07008  0.49713
   0.38874 -0.07045  0.37541
   0.46264 -0.06735  0.26332
   0.53737 -0.05945  0.21806
   0.61126 -0.04794  0.23732
   0.68267 -0.03626  0.24695
   0.75000 -0.02655  0.20473
   0.81175 -0.01812  0.15611
   0.86653 -0.01059  0.15149
   0.91312 -0.00538  0.11044
   0.95049 -0.00251 -0.00659
   0.97779 -0.00102 -0.28260
   1.00000  0.00000 -0.00720
