x z                                             
 Alfa =  28.87500 Re = 19899914.000 Xflap,Yflap =     0.000000    0.000000
#    x        y        Cp  
   1.00000  0.00000 -0.41250
   0.99304  0.00085 -0.41379
   0.98139  0.00233 -0.41610
   0.96842  0.00406 -0.41870
   0.95462  0.00607 -0.42152
   0.94040  0.00841 -0.42445
   0.92581  0.01112 -0.42749
   0.91082  0.01419 -0.43065
   0.89539  0.01763 -0.43394
   0.87955  0.02138 -0.43739
   0.86341  0.02537 -0.44095
   0.84723  0.02944 -0.44460
   0.83119  0.03346 -0.44830
   0.81535  0.03730 -0.45204
   0.79961  0.04089 -0.45585
   0.78384  0.04426 -0.45979
   0.76793  0.04743 -0.46389
   0.75181  0.05044 -0.46817
   0.73543  0.05330 -0.47267
   0.71877  0.05604 -0.47740
   0.70185  0.05868 -0.48238
   0.68468  0.06126 -0.48762
   0.66733  0.06380 -0.49311
   0.64986  0.06631 -0.49885
   0.63232  0.06878 -0.50485
   0.61475  0.07121 -0.51111
   0.59716  0.07361 -0.51765
   0.57957  0.07597 -0.52449
   0.56200  0.07830 -0.53163
   0.54450  0.08057 -0.53911
   0.52712  0.08277 -0.54693
   0.50990  0.08488 -0.55510
   0.49289  0.08686 -0.56364
   0.47611  0.08868 -0.57259
   0.45958  0.09032 -0.58198
   0.44329  0.09174 -0.59189
   0.42725  0.09293 -0.60236
   0.41143  0.09386 -0.61351
   0.39579  0.09451 -0.62543
   0.38029  0.09485 -0.63829
   0.36489  0.09490 -0.65226
   0.34951  0.09465 -0.66753
   0.33407  0.09412 -0.68439
   0.31844  0.09331 -0.70321
   0.30249  0.09221 -0.72450
   0.28605  0.09084 -0.74883
   0.26915  0.08925 -0.77664
   0.25199  0.08752 -0.80794
   0.23505  0.08575 -0.84213
   0.21871  0.08393 -0.87854
   0.20300  0.08197 -0.91732
   0.18773  0.07980 -0.95907
   0.17253  0.07731 -1.00452
   0.15713  0.07450 -1.05114
   0.14163  0.07144 -1.08943
   0.12656  0.06829 -1.34498
   0.11252  0.06516 -1.72731
   0.09968  0.06199 -2.13633
   0.08789  0.05873 -2.53996
   0.07692  0.05529 -2.90800
   0.06673  0.05171 -3.28414
   0.05747  0.04812 -3.65398
   0.04930  0.04467 -4.05980
   0.04221  0.04144 -4.52433
   0.03610  0.03842 -5.01386
   0.03080  0.03556 -5.52425
   0.02614  0.03283 -6.05960
   0.02200  0.03020 -6.64378
   0.01830  0.02763 -7.38750
   0.01502  0.02511 -8.15765
   0.01215  0.02262 -8.91756
   0.00966  0.02017 -9.59107
   0.00753  0.01777-10.19263
   0.00571  0.01543-10.66941
   0.00418  0.01317-11.28402
   0.00292  0.01099-12.19261
   0.00190  0.00890-12.65371
   0.00111  0.00688-13.18587
   0.00053  0.00492-13.57802
   0.00016  0.00301-13.80313
  -0.00000  0.00113-13.63259
   0.00005 -0.00075-12.92833
   0.00032 -0.00262-11.79583
   0.00080 -0.00453-10.27447
   0.00151 -0.00647 -8.88849
   0.00244 -0.00845 -7.48640
   0.00361 -0.01050 -6.29640
   0.00504 -0.01260 -5.12498
   0.00675 -0.01474 -4.17293
   0.00876 -0.01690 -3.27829
   0.01110 -0.01906 -2.47688
   0.01381 -0.02120 -1.76215
   0.01689 -0.02332 -1.14035
   0.02036 -0.02539 -0.64249
   0.02422 -0.02744 -0.24137
   0.02854 -0.02947  0.07547
   0.03343 -0.03151  0.32793
   0.03906 -0.03360  0.53345
   0.04565 -0.03579  0.69370
   0.05342 -0.03817  0.81154
   0.06252 -0.04076  0.89466
   0.07286 -0.04346  0.95085
   0.08412 -0.04612  0.98351
   0.09611 -0.04862  0.99807
   0.10894 -0.05096  0.99896
   0.12277 -0.05318  0.98987
   0.13768 -0.05532  0.97311
   0.15355 -0.05739  0.95103
   0.17006 -0.05937  0.92483
   0.18687 -0.06126  0.89660
   0.20364 -0.06305  0.86604
   0.22017 -0.06471  0.83358
   0.23643 -0.06616  0.80090
   0.25251 -0.06737  0.76655
   0.26859 -0.06834  0.73737
   0.28487 -0.06909  0.70759
   0.30143 -0.06967  0.67832
   0.31826 -0.07010  0.64995
   0.33524 -0.07041  0.61840
   0.35223 -0.07059  0.58749
   0.36910 -0.07062  0.55532
   0.38580 -0.07049  0.52478
   0.40233 -0.07019  0.49392
   0.41870 -0.06970  0.46409
   0.43495 -0.06902  0.43473
   0.45109 -0.06813  0.40798
   0.46717 -0.06701  0.38312
   0.48320 -0.06566  0.36139
   0.49923 -0.06408  0.34349
   0.51530 -0.06227  0.32764
   0.53148 -0.06024  0.31420
   0.54784 -0.05799  0.30449
   0.56446 -0.05551  0.29885
   0.58139 -0.05285  0.29427
   0.59861 -0.05004  0.29104
   0.61602 -0.04714  0.28841
   0.63346 -0.04423  0.28479
   0.65079 -0.04136  0.28006
   0.66797 -0.03858  0.27415
   0.68503 -0.03590  0.26534
   0.70210 -0.03333  0.25154
   0.71927 -0.03084  0.23507
   0.73659 -0.02840  0.21668
   0.75405 -0.02599  0.19598
   0.77159 -0.02361  0.17441
   0.78910 -0.02123  0.15312
   0.80652 -0.01884  0.13318
   0.82377 -0.01643  0.11974
   0.84080 -0.01405  0.11101
   0.85759 -0.01176  0.10081
   0.87413 -0.00964  0.08619
   0.89043 -0.00771  0.06578
   0.90649 -0.00602  0.03751
   0.92231 -0.00457 -0.00382
   0.93789 -0.00335 -0.05881
   0.95309 -0.00235 -0.13386
   0.96766 -0.00153 -0.23798
   0.98110 -0.00086 -0.37264
   0.99297 -0.00031 -0.67082
   1.00000  0.00000 -0.41250
