x z                                             
 Alfa =  22.37500 Re = 19899914.000 Xflap,Yflap =     0.000000    0.000000
#    x        y        Cp  
   1.00000  0.00000 -0.09512
   0.97779  0.00280 -0.10108
   0.95049  0.00672 -0.10947
   0.91312  0.01370 -0.12147
   0.86653  0.02459 -0.13736
   0.81175  0.03815 -0.15786
   0.75000  0.05077 -0.18442
   0.68267  0.06156 -0.21742
   0.61126  0.07169 -0.25474
   0.53737  0.08148 -0.29221
   0.46264  0.09003 -0.34883
   0.38874  0.09470 -0.90602
   0.31733  0.09324 -1.32311
   0.25000  0.08731 -1.56758
   0.18826  0.07988 -2.11585
   0.13347  0.06975 -2.57650
   0.08688  0.05843 -3.62351
   0.04952  0.04477 -4.69993
   0.02221  0.03034 -6.95686
   0.00559  0.01526-11.06098
   0.00000  0.00000-12.96167
   0.00559 -0.01332 -3.49117
   0.02221 -0.02641  0.14588
   0.04952 -0.03699  0.91595
   0.08688 -0.04673  0.99767
   0.13347 -0.05474  0.92454
   0.18826 -0.06141  0.81521
   0.25000 -0.06720  0.67700
   0.31733 -0.07008  0.55655
   0.38874 -0.07045  0.42983
   0.46264 -0.06735  0.30938
   0.53737 -0.05945  0.25124
   0.61126 -0.04794  0.25700
   0.68267 -0.03626  0.25520
   0.75000 -0.02655  0.20195
   0.81175 -0.01812  0.14148
   0.86653 -0.01059  0.12602
   0.91312 -0.00538  0.07126
   0.95049 -0.00251 -0.06279
   0.97779 -0.00102 -0.35949
   1.00000  0.00000 -0.09512
