x z                                             
 Alfa = -19.50000 Re = 19899914.000 Xflap,Yflap =     0.000000    0.000000
#    x        y        Cp  
   1.00000  0.00000  0.03888
   0.97779  0.00280 -0.26911
   0.95049  0.00672 -0.00014
   0.91312  0.01370  0.07226
   0.86653  0.02459  0.03234
   0.81175  0.03815 -0.04270
   0.75000  0.05077 -0.01982
   0.68267  0.06156  0.06212
   0.61126  0.07169  0.12232
   0.53737  0.08148  0.15920
   0.46264  0.09003  0.17783
   0.38874  0.09470  0.23475
   0.31733  0.09324  0.39081
   0.25000  0.08731  0.56941
   0.18826  0.07988  0.70366
   0.13347  0.06975  0.85993
   0.08688  0.05843  0.97626
   0.04952  0.04477  0.96286
   0.02221  0.03034  0.42286
   0.00559  0.01526 -2.35304
   0.00000  0.00000-11.82836
   0.00559 -0.01332-11.21947
   0.02221 -0.02641 -7.19011
   0.04952 -0.03699 -4.19000
   0.08688 -0.04673 -3.11662
   0.13347 -0.05474 -2.27191
   0.18826 -0.06141 -1.73838
   0.25000 -0.06720 -1.49591
   0.31733 -0.07008 -1.15697
   0.38874 -0.07045 -0.90711
   0.46264 -0.06735 -0.61669
   0.53737 -0.05945 -0.21076
   0.61126 -0.04794 -0.12116
   0.68267 -0.03626 -0.09274
   0.75000 -0.02655 -0.06229
   0.81175 -0.01812 -0.03455
   0.86653 -0.01059 -0.01139
   0.91312 -0.00538  0.00736
   0.95049 -0.00251  0.02183
   0.97779 -0.00102  0.03195
   1.00000  0.00000  0.03888
