x z                                             
 Alfa = -18.00000 Re = 19899914.000 Xflap,Yflap =     0.000000    0.000000
#    x        y        Cp  
   1.00000  0.00000  0.09354
   0.99304  0.00085 -0.28919
   0.98139  0.00233 -0.05247
   0.96842  0.00406  0.03934
   0.95462  0.00607  0.10493
   0.94040  0.00841  0.14147
   0.92581  0.01112  0.15942
   0.91082  0.01419  0.16568
   0.89539  0.01763  0.16269
   0.87955  0.02138  0.15387
   0.86341  0.02537  0.10616
   0.84723  0.02944  0.08753
   0.83119  0.03346  0.06934
   0.81535  0.03730  0.04872
   0.79961  0.04089  0.03855
   0.78384  0.04426  0.03641
   0.76793  0.04743  0.04047
   0.75181  0.05044  0.04850
   0.73543  0.05330  0.06060
   0.71877  0.05604  0.07640
   0.70185  0.05868  0.09265
   0.68468  0.06126  0.10867
   0.66733  0.06380  0.12264
   0.64986  0.06631  0.13533
   0.63232  0.06878  0.14667
   0.61475  0.07121  0.15723
   0.59716  0.07361  0.16617
   0.57957  0.07597  0.17401
   0.56200  0.07830  0.18050
   0.54450  0.08057  0.18709
   0.52712  0.08277  0.18997
   0.50990  0.08488  0.19346
   0.49289  0.08686  0.19591
   0.47611  0.08868  0.19939
   0.45958  0.09032  0.20440
   0.44329  0.09174  0.21099
   0.42725  0.09293  0.21854
   0.41143  0.09386  0.23223
   0.39579  0.09451  0.24667
   0.38029  0.09485  0.26928
   0.36489  0.09490  0.29524
   0.34951  0.09465  0.32625
   0.33407  0.09412  0.35908
   0.31844  0.09331  0.39677
   0.30249  0.09221  0.43693
   0.28605  0.09084  0.48153
   0.26915  0.08925  0.52405
   0.25199  0.08752  0.56562
   0.23505  0.08575  0.60070
   0.21871  0.08393  0.63297
   0.20300  0.08197  0.66594
   0.18773  0.07980  0.70517
   0.17253  0.07731  0.74663
   0.15713  0.07450  0.79213
   0.14163  0.07144  0.83670
   0.12656  0.06829  0.87660
   0.11252  0.06516  0.91345
   0.09968  0.06199  0.94652
   0.08789  0.05873  0.97449
   0.07692  0.05529  0.99357
   0.06673  0.05171  0.99994
   0.05747  0.04812  0.98891
   0.04930  0.04467  0.95792
   0.04221  0.04144  0.90364
   0.03610  0.03842  0.81728
   0.03080  0.03556  0.70670
   0.02614  0.03283  0.55690
   0.02200  0.03020  0.35737
   0.01830  0.02763  0.08953
   0.01502  0.02511 -0.25639
   0.01215  0.02262 -0.68394
   0.00966  0.02017 -1.19911
   0.00753  0.01777 -1.76242
   0.00571  0.01543 -2.42565
   0.00418  0.01317 -3.28604
   0.00292  0.01099 -4.12389
   0.00190  0.00890 -5.22548
   0.00111  0.00688 -6.36970
   0.00053  0.00492 -7.73932
   0.00016  0.00301 -8.88917
  -0.00000  0.00113-10.29719
   0.00005 -0.00075-11.16724
   0.00032 -0.00262-11.45603
   0.00080 -0.00453-11.63939
   0.00151 -0.00647-11.45977
   0.00244 -0.00845-11.37172
   0.00361 -0.01050-10.98982
   0.00504 -0.01260-10.74522
   0.00675 -0.01474-10.45349
   0.00876 -0.01690-10.13643
   0.01110 -0.01906 -9.54712
   0.01381 -0.02120 -8.88212
   0.01689 -0.02332 -8.26389
   0.02036 -0.02539 -7.50428
   0.02422 -0.02744 -6.92319
   0.02854 -0.02947 -6.33777
   0.03343 -0.03151 -5.76951
   0.03906 -0.03360 -5.18411
   0.04565 -0.03579 -4.62980
   0.05342 -0.03817 -4.16591
   0.06252 -0.04076 -3.82300
   0.07286 -0.04346 -3.53319
   0.08412 -0.04612 -3.28023
   0.09611 -0.04862 -3.02431
   0.10894 -0.05096 -2.77582
   0.12277 -0.05318 -2.54097
   0.13768 -0.05532 -2.32287
   0.15355 -0.05739 -2.14636
   0.17006 -0.05937 -1.98762
   0.18687 -0.06126 -1.86678
   0.20364 -0.06305 -1.78575
   0.22017 -0.06471 -1.72169
   0.23643 -0.06616 -1.66990
   0.25251 -0.06737 -1.60816
   0.26859 -0.06834 -1.53433
   0.28487 -0.06909 -1.45649
   0.30143 -0.06967 -1.37814
   0.31826 -0.07010 -1.30759
   0.33524 -0.07041 -1.24867
   0.35223 -0.07059 -1.19824
   0.36910 -0.07062 -1.14936
   0.38580 -0.07049 -1.10377
   0.40233 -0.07019 -1.05962
   0.41870 -0.06970 -1.01319
   0.43495 -0.06902 -0.96551
   0.45109 -0.06813 -0.91369
   0.46717 -0.06701 -0.85708
   0.48320 -0.06566 -0.79403
   0.49923 -0.06408 -0.72715
   0.51530 -0.06227 -0.65654
   0.53148 -0.06024 -0.58297
   0.54784 -0.05799 -0.50652
   0.56446 -0.05551 -0.42886
   0.58139 -0.05285 -0.35267
   0.59861 -0.05004 -0.28042
   0.61602 -0.04714 -0.21476
   0.63346 -0.04423 -0.15703
   0.65079 -0.04136 -0.10816
   0.66797 -0.03858 -0.06815
   0.68503 -0.03590 -0.03639
   0.70210 -0.03333 -0.01217
   0.71927 -0.03084  0.00538
   0.73659 -0.02840  0.01163
   0.75405 -0.02599  0.00715
   0.77159 -0.02361  0.00962
   0.78910 -0.02123  0.01439
   0.80652 -0.01884  0.02001
   0.82377 -0.01643  0.02596
   0.84080 -0.01405  0.03207
   0.85759 -0.01176  0.03825
   0.87413 -0.00964  0.04448
   0.89043 -0.00771  0.05073
   0.90649 -0.00602  0.05700
   0.92231 -0.00457  0.06327
   0.93789 -0.00335  0.06951
   0.95309 -0.00235  0.07565
   0.96766 -0.00153  0.08154
   0.98110 -0.00086  0.08692
   0.99297 -0.00031  0.09150
   1.00000  0.00000  0.09354
