x z                                             
 Alfa =  21.62500 Re = 19899914.000 Xflap,Yflap =     0.000000    0.000000
#    x        y        Cp  
   1.00000  0.00000 -0.08431
   0.97779  0.00280 -0.09044
   0.95049  0.00672 -0.09911
   0.91312  0.01370 -0.11152
   0.86653  0.02459 -0.12798
   0.81175  0.03815 -0.14929
   0.75000  0.05077 -0.17703
   0.68267  0.06156 -0.21162
   0.61126  0.07169 -0.25082
   0.53737  0.08148 -0.29021
   0.46264  0.09003 -0.37818
   0.38874  0.09470 -0.94624
   0.31733  0.09324 -1.33551
   0.25000  0.08731 -1.55924
   0.18826  0.07988 -2.08786
   0.13347  0.06975 -2.52501
   0.08688  0.05843 -3.53204
   0.04952  0.04477 -4.55176
   0.02221  0.03034 -6.68947
   0.00559  0.01526-10.54540
   0.00000  0.00000-12.14284
   0.00559 -0.01332 -3.11658
   0.02221 -0.02641  0.25930
   0.04952 -0.03699  0.94018
   0.08688 -0.04673  0.99285
   0.13347 -0.05474  0.90750
   0.18826 -0.06141  0.79341
   0.25000 -0.06720  0.65194
   0.31733 -0.07008  0.53176
   0.38874 -0.07045  0.40549
   0.46264 -0.06735  0.28637
   0.53737 -0.05945  0.23167
   0.61126 -0.04794  0.24163
   0.68267 -0.03626  0.24299
   0.75000 -0.02655  0.19193
   0.81175 -0.01812  0.13354
   0.86653 -0.01059  0.12029
   0.91312 -0.00538  0.06724
   0.95049 -0.00251 -0.06561
   0.97779 -0.00102 -0.36398
   1.00000  0.00000 -0.08431
