x z                                             
 Alfa =  22.12500 Re = 19899914.000 Xflap,Yflap =     0.000000    0.000000
#    x        y        Cp  
   1.00000  0.00000 -0.14479
   0.99304  0.00085 -0.14690
   0.98139  0.00233 -0.15081
   0.96842  0.00406 -0.15525
   0.95462  0.00607 -0.16004
   0.94040  0.00841 -0.16502
   0.92581  0.01112 -0.17019
   0.91082  0.01419 -0.17557
   0.89539  0.01763 -0.18117
   0.87955  0.02138 -0.18702
   0.86341  0.02537 -0.19309
   0.84723  0.02944 -0.19931
   0.83119  0.03346 -0.20562
   0.81535  0.03730 -0.21203
   0.79961  0.04089 -0.21859
   0.78384  0.04426 -0.22538
   0.76793  0.04743 -0.23244
   0.75181  0.05044 -0.23981
   0.73543  0.05330 -0.24750
   0.71877  0.05604 -0.25552
   0.70185  0.05868 -0.26384
   0.68468  0.06126 -0.27243
   0.66733  0.06380 -0.28122
   0.64986  0.06631 -0.29015
   0.63232  0.06878 -0.29915
   0.61475  0.07121 -0.30813
   0.59716  0.07361 -0.31696
   0.57957  0.07597 -0.32546
   0.56200  0.07830 -0.33326
   0.54450  0.08057 -0.33908
   0.52712  0.08277 -0.33586
   0.50990  0.08488 -0.33510
   0.49289  0.08686 -0.38617
   0.47611  0.08868 -0.46717
   0.45958  0.09032 -0.57127
   0.44329  0.09174 -0.68981
   0.42725  0.09293 -0.81421
   0.41143  0.09386 -0.93875
   0.39579  0.09451 -1.05813
   0.38029  0.09485 -1.16687
   0.36489  0.09490 -1.26372
   0.34951  0.09465 -1.35126
   0.33407  0.09412 -1.42920
   0.31844  0.09331 -1.49846
   0.30249  0.09221 -1.55769
   0.28605  0.09084 -1.61132
   0.26915  0.08925 -1.67329
   0.25199  0.08752 -1.75096
   0.23505  0.08575 -1.87027
   0.21871  0.08393 -2.01713
   0.20300  0.08197 -2.16931
   0.18773  0.07980 -2.31826
   0.17253  0.07731 -2.44131
   0.15713  0.07450 -2.56922
   0.14163  0.07144 -2.71831
   0.12656  0.06829 -2.94240
   0.11252  0.06516 -3.24462
   0.09968  0.06199 -3.56770
   0.08789  0.05873 -3.89242
   0.07692  0.05529 -4.19227
   0.06673  0.05171 -4.49147
   0.05747  0.04812 -4.81077
   0.04930  0.04467 -5.15932
   0.04221  0.04144 -5.60885
   0.03610  0.03842 -6.08443
   0.03080  0.03556 -6.54384
   0.02614  0.03283 -7.07419
   0.02200  0.03020 -7.64237
   0.01830  0.02763 -8.35029
   0.01502  0.02511 -9.12141
   0.01215  0.02262 -9.81327
   0.00966  0.02017-10.42106
   0.00753  0.01777-10.96239
   0.00571  0.01543-11.30883
   0.00418  0.01317-12.16153
   0.00292  0.01099-12.58314
   0.00190  0.00890-13.02301
   0.00111  0.00688-13.53832
   0.00053  0.00492-13.75268
   0.00016  0.00301-13.91122
  -0.00000  0.00113-13.57567
   0.00005 -0.00075-12.87767
   0.00032 -0.00262-11.46274
   0.00080 -0.00453 -9.96665
   0.00151 -0.00647 -8.47698
   0.00244 -0.00845 -7.10073
   0.00361 -0.01050 -5.83272
   0.00504 -0.01260 -4.71323
   0.00675 -0.01474 -3.74487
   0.00876 -0.01690 -2.86869
   0.01110 -0.01906 -2.09135
   0.01381 -0.02120 -1.41473
   0.01689 -0.02332 -0.83535
   0.02036 -0.02539 -0.37358
   0.02422 -0.02744 -0.00647
   0.02854 -0.02947  0.26643
   0.03343 -0.03151  0.48653
   0.03906 -0.03360  0.66165
   0.04565 -0.03579  0.79157
   0.05342 -0.03817  0.88458
   0.06252 -0.04076  0.94589
   0.07286 -0.04346  0.98240
   0.08412 -0.04612  0.99814
   0.09611 -0.04862  0.99850
   0.10894 -0.05096  0.98772
   0.12277 -0.05318  0.96926
   0.13768 -0.05532  0.94500
   0.15355 -0.05739  0.91681
   0.17006 -0.05937  0.88675
   0.18687 -0.06126  0.85489
   0.20364 -0.06305  0.82154
   0.22017 -0.06471  0.78729
   0.23643 -0.06616  0.75247
   0.25251 -0.06737  0.71932
   0.26859 -0.06834  0.68956
   0.28487 -0.06909  0.66130
   0.30143 -0.06967  0.63343
   0.31826 -0.07010  0.60761
   0.33524 -0.07041  0.57791
   0.35223 -0.07059  0.54949
   0.36910 -0.07062  0.52082
   0.38580 -0.07049  0.49301
   0.40233 -0.07019  0.46511
   0.41870 -0.06970  0.43917
   0.43495 -0.06902  0.41478
   0.45109 -0.06813  0.39097
   0.46717 -0.06701  0.37163
   0.48320 -0.06566  0.35456
   0.49923 -0.06408  0.34101
   0.51530 -0.06227  0.33041
   0.53148 -0.06024  0.32202
   0.54784 -0.05799  0.31767
   0.56446 -0.05551  0.31631
   0.58139 -0.05285  0.31730
   0.59861 -0.05004  0.31893
   0.61602 -0.04714  0.32096
   0.63346 -0.04423  0.32244
   0.65079 -0.04136  0.32232
   0.66797 -0.03858  0.32148
   0.68503 -0.03590  0.31768
   0.70210 -0.03333  0.30965
   0.71927 -0.03084  0.29935
   0.73659 -0.02840  0.28745
   0.75405 -0.02599  0.27382
   0.77159 -0.02361  0.25974
   0.78910 -0.02123  0.24641
   0.80652 -0.01884  0.23458
   0.82377 -0.01643  0.22877
   0.84080 -0.01405  0.22708
   0.85759 -0.01176  0.22442
   0.87413 -0.00964  0.21853
   0.89043 -0.00771  0.20798
   0.90649 -0.00602  0.19205
   0.92231 -0.00457  0.16601
   0.93789 -0.00335  0.13103
   0.95309 -0.00235  0.08242
   0.96766 -0.00153  0.01746
   0.98110 -0.00086 -0.05849
   0.99297 -0.00031 -0.15493
   1.00000  0.00000 -0.14479
