x z                                             
 Alfa =  23.50000 Re = 19899914.000 Xflap,Yflap =     0.000000    0.000000
#    x        y        Cp  
   1.00000  0.00000 -0.14670
   0.97779  0.00280 -0.15224
   0.95049  0.00672 -0.15995
   0.91312  0.01370 -0.17102
   0.86653  0.02459 -0.18577
   0.81175  0.03815 -0.20503
   0.75000  0.05077 -0.23043
   0.68267  0.06156 -0.26341
   0.61126  0.07169 -0.30397
   0.53737  0.08148 -0.34924
   0.46264  0.09003 -0.39285
   0.38874  0.09470 -0.49660
   0.31733  0.09324 -1.05217
   0.25000  0.08731 -1.38854
   0.18826  0.07988 -1.96548
   0.13347  0.06975 -2.45750
   0.08688  0.05843 -3.51869
   0.04952  0.04477 -4.62567
   0.02221  0.03034 -6.91978
   0.00559  0.01526-11.12012
   0.00000  0.00000-13.19458
   0.00559 -0.01332 -3.64151
   0.02221 -0.02641  0.09112
   0.04952 -0.03699  0.90233
   0.08688 -0.04673  0.99913
   0.13347 -0.05474  0.93270
   0.18826 -0.06141  0.82560
   0.25000 -0.06720  0.68824
   0.31733 -0.07008  0.56639
   0.38874 -0.07045  0.43729
   0.46264 -0.06735  0.31343
   0.53737 -0.05945  0.25102
   0.61126 -0.04794  0.25277
   0.68267 -0.03626  0.24740
   0.75000 -0.02655  0.19007
   0.81175 -0.01812  0.12509
   0.86653 -0.01059  0.10624
   0.91312 -0.00538  0.04766
   0.95049 -0.00251 -0.09205
   0.97779 -0.00102 -0.39524
   1.00000  0.00000 -0.14670
