x z                                             
 Alfa =  26.62500 Re = 19899914.000 Xflap,Yflap =     0.000000    0.000000
#    x        y        Cp  
   1.00000  0.00000 -0.21283
   0.97779  0.00280 -0.21762
   0.95049  0.00672 -0.22415
   0.91312  0.01370 -0.23347
   0.86653  0.02459 -0.24579
   0.81175  0.03815 -0.26166
   0.75000  0.05077 -0.28225
   0.68267  0.06156 -0.30885
   0.61126  0.07169 -0.34251
   0.53737  0.08148 -0.38384
   0.46264  0.09003 -0.43131
   0.38874  0.09470 -0.48161
   0.31733  0.09324 -0.57007
   0.25000  0.08731 -1.09044
   0.18826  0.07988 -1.78579
   0.13347  0.06975 -2.39204
   0.08688  0.05843 -3.57292
   0.04952  0.04477 -4.86046
   0.02221  0.03034 -7.49712
   0.00559  0.01526-12.46010
   0.00000  0.00000-15.58719
   0.00559 -0.01332 -4.83688
   0.02221 -0.02641 -0.31625
   0.04952 -0.03699  0.79503
   0.08688 -0.04673  0.99266
   0.13347 -0.05474  0.97272
   0.18826 -0.06141  0.88553
   0.25000 -0.06720  0.76130
   0.31733 -0.07008  0.64068
   0.38874 -0.07045  0.51097
   0.46264 -0.06735  0.38230
   0.53737 -0.05945  0.30860
   0.61126 -0.04794  0.29629
   0.68267 -0.03626  0.27979
   0.75000 -0.02655  0.21409
   0.81175 -0.01812  0.14064
   0.86653 -0.01059  0.11338
   0.91312 -0.00538  0.04783
   0.95049 -0.00251 -0.09884
   0.97779 -0.00102 -0.40265
   1.00000  0.00000 -0.21283
