x z                                             
 Alfa =  12.12500 Re = 19899914.000 Xflap,Yflap =     0.000000    0.000000
#    x        y        Cp  
   1.00000  0.00000  0.16775
   0.97779  0.00280  0.16226
   0.95049  0.00672  0.15389
   0.91312  0.01370  0.14557
   0.86653  0.02459  0.14135
   0.81175  0.03815 -0.00391
   0.75000  0.05077 -0.20528
   0.68267  0.06156 -0.34077
   0.61126  0.07169 -0.48131
   0.53737  0.08148 -0.67518
   0.46264  0.09003 -0.96933
   0.38874  0.09470 -1.29510
   0.31733  0.09324 -1.42863
   0.25000  0.08731 -1.44966
   0.18826  0.07988 -1.76707
   0.13347  0.06975 -1.95249
   0.08688  0.05843 -2.53951
   0.04952  0.04477 -2.98532
   0.02221  0.03034 -3.97519
   0.00559  0.01526 -5.43793
   0.00000  0.00000 -4.62756
   0.00559 -0.01332 -0.04728
   0.02221 -0.02641  0.97569
   0.04952 -0.03699  0.93882
   0.08688 -0.04673  0.77494
   0.13347 -0.05474  0.62402
   0.18826 -0.06141  0.49994
   0.25000 -0.06720  0.35288
   0.31733 -0.07008  0.26069
   0.38874 -0.07045  0.16371
   0.46264 -0.06735  0.08291
   0.53737 -0.05945  0.08358
   0.61126 -0.04794  0.14881
   0.68267 -0.03626  0.20236
   0.75000 -0.02655  0.19037
   0.81175 -0.01812  0.17752
   0.86653 -0.01059  0.21081
   0.91312 -0.00538  0.21215
   0.95049 -0.00251  0.16037
   0.97779 -0.00102  0.03778
   1.00000  0.00000  0.16775
