x z                                             
 Alfa =  14.12500 Re = 19899914.000 Xflap,Yflap =     0.000000    0.000000
#    x        y        Cp  
   1.00000  0.00000  0.12133
   0.97779  0.00280  0.11537
   0.95049  0.00672  0.10660
   0.91312  0.01370  0.09559
   0.86653  0.02459  0.08504
   0.81175  0.03815  0.07471
   0.75000  0.05077 -0.10026
   0.68267  0.06156 -0.27393
   0.61126  0.07169 -0.44298
   0.53737  0.08148 -0.65847
   0.46264  0.09003 -0.97449
   0.38874  0.09470 -1.32913
   0.31733  0.09324 -1.49445
   0.25000  0.08731 -1.54588
   0.18826  0.07988 -1.90956
   0.13347  0.06975 -2.14816
   0.08688  0.05843 -2.83432
   0.04952  0.04477 -3.40858
   0.02221  0.03034 -4.65516
   0.00559  0.01526 -6.63451
   0.00000  0.00000 -6.24557
   0.00559 -0.01332 -0.62511
   0.02221 -0.02641  0.89143
   0.04952 -0.03699  0.98378
   0.08688 -0.04673  0.85554
   0.13347 -0.05474  0.70982
   0.18826 -0.06141  0.58218
   0.25000 -0.06720  0.43347
   0.31733 -0.07008  0.33200
   0.38874 -0.07045  0.22684
   0.46264 -0.06735  0.13629
   0.53737 -0.05945  0.12358
   0.61126 -0.04794  0.17534
   0.68267 -0.03626  0.21746
   0.75000 -0.02655  0.19629
   0.81175 -0.01812  0.17301
   0.86653 -0.01059  0.19628
   0.91312 -0.00538  0.18497
   0.95049 -0.00251  0.11439
   0.97779 -0.00102 -0.04876
   1.00000  0.00000  0.12133
