x z                                             
 Alfa =  25.62500 Re = 19899914.000 Xflap,Yflap =     0.000000    0.000000
#    x        y        Cp  
   1.00000  0.00000 -0.17213
   0.97779  0.00280 -0.17726
   0.95049  0.00672 -0.18432
   0.91312  0.01370 -0.19442
   0.86653  0.02459 -0.20779
   0.81175  0.03815 -0.22504
   0.75000  0.05077 -0.24747
   0.68267  0.06156 -0.27618
   0.61126  0.07169 -0.31117
   0.53737  0.08148 -0.35040
   0.46264  0.09003 -0.38947
   0.38874  0.09470 -0.42109
   0.31733  0.09324 -0.92430
   0.25000  0.08731 -1.34847
   0.18826  0.07988 -1.98661
   0.13347  0.06975 -2.54951
   0.08688  0.05843 -3.71692
   0.04952  0.04477 -4.97890
   0.02221  0.03034 -7.59034
   0.00559  0.01526-12.49005
   0.00000  0.00000-15.44764
   0.00559 -0.01332 -4.71731
   0.02221 -0.02641 -0.26249
   0.04952 -0.03699  0.81182
   0.08688 -0.04673  0.99524
   0.13347 -0.05474  0.96786
   0.18826 -0.06141  0.87738
   0.25000 -0.06720  0.75140
   0.31733 -0.07008  0.63085
   0.38874 -0.07045  0.50236
   0.46264 -0.06735  0.37575
   0.53737 -0.05945  0.30515
   0.61126 -0.04794  0.29606
   0.68267 -0.03626  0.28232
   0.75000 -0.02655  0.21956
   0.81175 -0.01812  0.14931
   0.86653 -0.01059  0.12453
   0.91312 -0.00538  0.06147
   0.95049 -0.00251 -0.08176
   0.97779 -0.00102 -0.38350
   1.00000  0.00000 -0.17213
