x z                                             
 Alfa =   7.00000 Re = 19899914.000 Xflap,Yflap =     0.000000    0.000000
#    x        y        Cp  
   1.00000  0.00000  0.27354
   0.97779  0.00280  0.24046
   0.95049  0.00672  0.21338
   0.91312  0.01370  0.16033
   0.86653  0.02459  0.04502
   0.81175  0.03815 -0.15838
   0.75000  0.05077 -0.30676
   0.68267  0.06156 -0.37993
   0.61126  0.07169 -0.47404
   0.53737  0.08148 -0.62329
   0.46264  0.09003 -0.86176
   0.38874  0.09470 -1.11294
   0.31733  0.09324 -1.17127
   0.25000  0.08731 -1.12343
   0.18826  0.07988 -1.31940
   0.13347  0.06975 -1.37567
   0.08688  0.05843 -1.70809
   0.04952  0.04477 -1.84867
   0.02221  0.03034 -2.22668
   0.00559  0.01526 -2.55418
   0.00000  0.00000 -1.12456
   0.00559 -0.01332  0.90239
   0.02221 -0.02641  0.88978
   0.04952 -0.03699  0.65965
   0.08688 -0.04673  0.45664
   0.13347 -0.05474  0.32603
   0.18826 -0.06141  0.23251
   0.25000 -0.06720  0.09981
   0.31733 -0.07008  0.04162
   0.38874 -0.07045 -0.02836
   0.46264 -0.06735 -0.07995
   0.53737 -0.05945 -0.04199
   0.61126 -0.04794  0.06946
   0.68267 -0.03626  0.14442
   0.75000 -0.02655  0.15608
   0.81175 -0.01812  0.16907
   0.86653 -0.01059  0.22812
   0.91312 -0.00538  0.25739
   0.95049 -0.00251  0.24661
   0.97779 -0.00102  0.21410
   1.00000  0.00000  0.27354
