x z                                             
 Alfa =  29.87500 Re = 19899914.000 Xflap,Yflap =     0.000000    0.000000
#    x        y        Cp  
   1.00000  0.00000 -0.37157
   0.97779  0.00280 -0.37538
   0.95049  0.00672 -0.38047
   0.91312  0.01370 -0.38765
   0.86653  0.02459 -0.39697
   0.81175  0.03815 -0.40866
   0.75000  0.05077 -0.42330
   0.68267  0.06156 -0.44157
   0.61126  0.07169 -0.46415
   0.53737  0.08148 -0.49224
   0.46264  0.09003 -0.52814
   0.38874  0.09470 -0.57681
   0.31733  0.09324 -0.64761
   0.25000  0.08731 -0.74732
   0.18826  0.07988 -0.86055
   0.13347  0.06975 -1.03433
   0.08688  0.05843 -2.41118
   0.04952  0.04477 -3.84130
   0.02221  0.03034 -6.39882
   0.00559  0.01526-11.16711
   0.00000  0.00000-14.48140
   0.00559 -0.01332 -4.60946
   0.02221 -0.02641 -0.30753
   0.04952 -0.03699  0.78531
   0.08688 -0.04673  0.98978
   0.13347 -0.05474  0.97768
   0.18826 -0.06141  0.89480
   0.25000 -0.06720  0.77228
   0.31733 -0.07008  0.64940
   0.38874 -0.07045  0.51473
   0.46264 -0.06735  0.37805
   0.53737 -0.05945  0.29471
   0.61126 -0.04794  0.27372
   0.68267 -0.03626  0.24878
   0.75000 -0.02655  0.17179
   0.81175 -0.01812  0.08538
   0.86653 -0.01059  0.04806
   0.91312 -0.00538 -0.03016
   0.95049 -0.00251 -0.19741
   0.97779 -0.00102 -0.53505
   1.00000  0.00000 -0.37157
