x z                                             
 Alfa =  10.37500 Re = 19899914.000 Xflap,Yflap =     0.000000    0.000000
#    x        y        Cp  
   1.00000  0.00000  0.22086
   0.97779  0.00280  0.22769
   0.95049  0.00672  0.21312
   0.91312  0.01370  0.17959
   0.86653  0.02459  0.08991
   0.81175  0.03815 -0.10618
   0.75000  0.05077 -0.28370
   0.68267  0.06156 -0.38799
   0.61126  0.07169 -0.50827
   0.53737  0.08148 -0.68581
   0.46264  0.09003 -0.96228
   0.38874  0.09470 -1.26459
   0.31733  0.09324 -1.37208
   0.25000  0.08731 -1.36864
   0.18826  0.07988 -1.64746
   0.13347  0.06975 -1.79073
   0.08688  0.05843 -2.29676
   0.04952  0.04477 -2.64324
   0.02221  0.03034 -3.43123
   0.00559  0.01526 -4.50756
   0.00000  0.00000 -3.42088
   0.00559 -0.01332  0.33945
   0.02221 -0.02641  0.99988
   0.04952 -0.03699  0.87963
   0.08688 -0.04673  0.69485
   0.13347 -0.05474  0.54541
   0.18826 -0.06141  0.42757
   0.25000 -0.06720  0.28439
   0.31733 -0.07008  0.20180
   0.38874 -0.07045  0.11332
   0.46264 -0.06735  0.04208
   0.53737 -0.05945  0.05483
   0.61126 -0.04794  0.13244
   0.68267 -0.03626  0.19550
   0.75000 -0.02655  0.19231
   0.81175 -0.01812  0.18957
   0.86653 -0.01059  0.23345
   0.91312 -0.00538  0.24727
   0.95049 -0.00251  0.21571
   0.97779 -0.00102  0.13996
   1.00000  0.00000  0.22086
