x z                                             
 Alfa =  24.50000 Re = 19899914.000 Xflap,Yflap =     0.000000    0.000000
#    x        y        Cp  
   1.00000  0.00000 -0.15685
   0.97779  0.00280 -0.16221
   0.95049  0.00672 -0.16964
   0.91312  0.01370 -0.18027
   0.86653  0.02459 -0.19441
   0.81175  0.03815 -0.21276
   0.75000  0.05077 -0.23678
   0.68267  0.06156 -0.26770
   0.61126  0.07169 -0.30540
   0.53737  0.08148 -0.34716
   0.46264  0.09003 -0.38736
   0.38874  0.09470 -0.45793
   0.31733  0.09324 -1.01778
   0.25000  0.08731 -1.38754
   0.18826  0.07988 -1.99169
   0.13347  0.06975 -2.51646
   0.08688  0.05843 -3.63075
   0.04952  0.04477 -4.81355
   0.02221  0.03034 -7.26458
   0.00559  0.01526-11.80966
   0.00000  0.00000-14.31151
   0.00559 -0.01332 -4.16347
   0.02221 -0.02641 -0.07758
   0.04952 -0.03699  0.86130
   0.08688 -0.04673  0.99964
   0.13347 -0.05474  0.95166
   0.18826 -0.06141  0.85216
   0.25000 -0.06720  0.72023
   0.31733 -0.07008  0.59883
   0.38874 -0.07045  0.46984
   0.46264 -0.06735  0.34466
   0.53737 -0.05945  0.27821
   0.61126 -0.04794  0.27457
   0.68267 -0.03626  0.26517
   0.75000 -0.02655  0.20525
   0.81175 -0.01812  0.13779
   0.86653 -0.01059  0.11612
   0.91312 -0.00538  0.05544
   0.95049 -0.00251 -0.08583
   0.97779 -0.00102 -0.38808
   1.00000  0.00000 -0.15685
