x z                                             
 Alfa =  17.37500 Re = 19899914.000 Xflap,Yflap =     0.000000    0.000000
#    x        y        Cp  
   1.00000  0.00000  0.02900
   0.99304  0.00085  0.02715
   0.98139  0.00233  0.02321
   0.96842  0.00406  0.01872
   0.95462  0.00607  0.01396
   0.94040  0.00841  0.00912
   0.92581  0.01112  0.00425
   0.91082  0.01419 -0.00064
   0.89539  0.01763 -0.00557
   0.87955  0.02138 -0.01050
   0.86341  0.02537 -0.01539
   0.84723  0.02944 -0.02014
   0.83119  0.03346 -0.02467
   0.81535  0.03730 -0.02890
   0.79961  0.04089 -0.03266
   0.78384  0.04426 -0.03521
   0.76793  0.04743 -0.03339
   0.75181  0.05044 -0.02572
   0.73543  0.05330 -0.04425
   0.71877  0.05604 -0.07308
   0.70185  0.05868 -0.10986
   0.68468  0.06126 -0.15248
   0.66733  0.06380 -0.19946
   0.64986  0.06631 -0.24968
   0.63232  0.06878 -0.30190
   0.61475  0.07121 -0.35609
   0.59716  0.07361 -0.41253
   0.57957  0.07597 -0.47143
   0.56200  0.07830 -0.53331
   0.54450  0.08057 -0.59865
   0.52712  0.08277 -0.66929
   0.50990  0.08488 -0.74562
   0.49289  0.08686 -0.82599
   0.47611  0.08868 -0.90965
   0.45958  0.09032 -0.99602
   0.44329  0.09174 -1.08285
   0.42725  0.09293 -1.17350
   0.41143  0.09386 -1.25851
   0.39579  0.09451 -1.33867
   0.38029  0.09485 -1.40966
   0.36489  0.09490 -1.47058
   0.34951  0.09465 -1.52124
   0.33407  0.09412 -1.56672
   0.31844  0.09331 -1.60291
   0.30249  0.09221 -1.62892
   0.28605  0.09084 -1.65032
   0.26915  0.08925 -1.68179
   0.25199  0.08752 -1.72833
   0.23505  0.08575 -1.81760
   0.21871  0.08393 -1.93665
   0.20300  0.08197 -2.05668
   0.18773  0.07980 -2.17277
   0.17253  0.07731 -2.25795
   0.15713  0.07450 -2.34646
   0.14163  0.07144 -2.44586
   0.12656  0.06829 -2.61822
   0.11252  0.06516 -2.85696
   0.09968  0.06199 -3.11853
   0.08789  0.05873 -3.36098
   0.07692  0.05529 -3.57984
   0.06673  0.05171 -3.79415
   0.05747  0.04812 -4.01607
   0.04930  0.04467 -4.26574
   0.04221  0.04144 -4.59272
   0.03610  0.03842 -4.92380
   0.03080  0.03556 -5.26161
   0.02614  0.03283 -5.62133
   0.02200  0.03020 -6.02576
   0.01830  0.02763 -6.53098
   0.01502  0.02511 -7.04229
   0.01215  0.02262 -7.50215
   0.00966  0.02017 -7.86217
   0.00753  0.01777 -8.32734
   0.00571  0.01543 -8.51712
   0.00418  0.01317 -8.82540
   0.00292  0.01099 -9.12371
   0.00190  0.00890 -9.29966
   0.00111  0.00688 -9.58599
   0.00053  0.00492 -9.56325
   0.00016  0.00301 -9.49567
  -0.00000  0.00113 -9.22657
   0.00005 -0.00075 -8.44870
   0.00032 -0.00262 -7.40854
   0.00080 -0.00453 -6.27755
   0.00151 -0.00647 -5.09617
   0.00244 -0.00845 -4.15256
   0.00361 -0.01050 -3.19496
   0.00504 -0.01260 -2.43799
   0.00675 -0.01474 -1.75227
   0.00876 -0.01690 -1.15711
   0.01110 -0.01906 -0.64492
   0.01381 -0.02120 -0.21353
   0.01689 -0.02332  0.12929
   0.02036 -0.02539  0.39798
   0.02422 -0.02744  0.59751
   0.02854 -0.02947  0.74984
   0.03343 -0.03151  0.84814
   0.03906 -0.03360  0.92387
   0.04565 -0.03579  0.97013
   0.05342 -0.03817  0.99470
   0.06252 -0.04076  0.99982
   0.07286 -0.04346  0.98964
   0.08412 -0.04612  0.96859
   0.09611 -0.04862  0.93975
   0.10894 -0.05096  0.90718
   0.12277 -0.05318  0.87215
   0.13768 -0.05532  0.83529
   0.15355 -0.05739  0.79782
   0.17006 -0.05937  0.76022
   0.18687 -0.06126  0.72347
   0.20364 -0.06305  0.68380
   0.22017 -0.06471  0.64618
   0.23643 -0.06616  0.60718
   0.25251 -0.06737  0.57230
   0.26859 -0.06834  0.54174
   0.28487 -0.06909  0.51466
   0.30143 -0.06967  0.48919
   0.31826 -0.07010  0.46355
   0.33524 -0.07041  0.43609
   0.35223 -0.07059  0.40938
   0.36910 -0.07062  0.38155
   0.38580 -0.07049  0.35517
   0.40233 -0.07019  0.32971
   0.41870 -0.06970  0.30621
   0.43495 -0.06902  0.28433
   0.45109 -0.06813  0.26311
   0.46717 -0.06701  0.24752
   0.48320 -0.06566  0.23472
   0.49923 -0.06408  0.22605
   0.51530 -0.06227  0.22013
   0.53148 -0.06024  0.21664
   0.54784 -0.05799  0.21811
   0.56446 -0.05551  0.22309
   0.58139 -0.05285  0.22901
   0.59861 -0.05004  0.23702
   0.61602 -0.04714  0.24425
   0.63346 -0.04423  0.25089
   0.65079 -0.04136  0.25582
   0.66797 -0.03858  0.25943
   0.68503 -0.03590  0.25994
   0.70210 -0.03333  0.25572
   0.71927 -0.03084  0.24940
   0.73659 -0.02840  0.24086
   0.75405 -0.02599  0.23111
   0.77159 -0.02361  0.22058
   0.78910 -0.02123  0.21097
   0.80652 -0.01884  0.20323
   0.82377 -0.01643  0.20126
   0.84080 -0.01405  0.20339
   0.85759 -0.01176  0.20422
   0.87413 -0.00964  0.20142
   0.89043 -0.00771  0.19288
   0.90649 -0.00602  0.18332
   0.92231 -0.00457  0.16166
   0.93789 -0.00335  0.12457
   0.95309 -0.00235  0.07132
   0.96766 -0.00153 -0.00572
   0.98110 -0.00086 -0.10825
   0.99297 -0.00031 -0.38350
   1.00000  0.00000  0.02900
