x z                                             
 Alfa =   5.00000 Re = 19899914.000 Xflap,Yflap =     0.000000    0.000000
#    x        y        Cp  
   1.00000  0.00000  0.28748
   0.97779  0.00280  0.24426
   0.95049  0.00672  0.21721
   0.91312  0.01370  0.16145
   0.86653  0.02459  0.04021
   0.81175  0.03815 -0.16294
   0.75000  0.05077 -0.29662
   0.68267  0.06156 -0.35393
   0.61126  0.07169 -0.43363
   0.53737  0.08148 -0.56635
   0.46264  0.09003 -0.78194
   0.38874  0.09470 -1.00247
   0.31733  0.09324 -1.03233
   0.25000  0.08731 -0.95969
   0.18826  0.07988 -1.10796
   0.13347  0.06975 -1.11223
   0.08688  0.05843 -1.34411
   0.04952  0.04477 -1.38466
   0.02221  0.03034 -1.55896
   0.00559  0.01526 -1.52161
   0.00000  0.00000 -0.09587
   0.00559 -0.01332  0.99996
   0.02221 -0.02641  0.69790
   0.04952 -0.03699  0.46332
   0.08688 -0.04673  0.27023
   0.13347 -0.05474  0.16565
   0.18826 -0.06141  0.09383
   0.25000 -0.06720 -0.02806
   0.31733 -0.07008 -0.06840
   0.38874 -0.07045 -0.12506
   0.46264 -0.06735 -0.16342
   0.53737 -0.05945 -0.10896
   0.61126 -0.04794  0.02212
   0.68267 -0.03626  0.10760
   0.75000 -0.02655  0.12736
   0.81175 -0.01812  0.14834
   0.86653 -0.01059  0.21537
   0.91312 -0.00538  0.25164
   0.95049 -0.00251  0.24879
   0.97779 -0.00102  0.22967
   1.00000  0.00000  0.28748
