x z                                             
 Alfa =  -8.00000 Re = 19899914.000 Xflap,Yflap =     0.000000    0.000000
#    x        y        Cp  
   1.00000  0.00000  0.28959
   0.99304  0.00085  0.22858
   0.98139  0.00233  0.22897
   0.96842  0.00406  0.23535
   0.95462  0.00607  0.24210
   0.94040  0.00841  0.24042
   0.92581  0.01112  0.22996
   0.91082  0.01419  0.21260
   0.89539  0.01763  0.18791
   0.87955  0.02138  0.15705
   0.86341  0.02537  0.12029
   0.84723  0.02944  0.07843
   0.83119  0.03346  0.03589
   0.81535  0.03730 -0.00346
   0.79961  0.04089 -0.03059
   0.78384  0.04426 -0.04864
   0.76793  0.04743 -0.06017
   0.75181  0.05044 -0.06672
   0.73543  0.05330 -0.06827
   0.71877  0.05604 -0.06590
   0.70185  0.05868 -0.06185
   0.68468  0.06126 -0.05759
   0.66733  0.06380 -0.05570
   0.64986  0.06631 -0.05521
   0.63232  0.06878 -0.05586
   0.61475  0.07121 -0.05741
   0.59716  0.07361 -0.06060
   0.57957  0.07597 -0.06428
   0.56200  0.07830 -0.06926
   0.54450  0.08057 -0.07869
   0.52712  0.08277 -0.10508
   0.50990  0.08488 -0.11612
   0.49289  0.08686 -0.13030
   0.47611  0.08868 -0.14473
   0.45958  0.09032 -0.15918
   0.44329  0.09174 -0.17187
   0.42725  0.09293 -0.18240
   0.41143  0.09386 -0.18904
   0.39579  0.09451 -0.19069
   0.38029  0.09485 -0.18390
   0.36489  0.09490 -0.16959
   0.34951  0.09465 -0.14946
   0.33407  0.09412 -0.12467
   0.31844  0.09331 -0.09414
   0.30249  0.09221 -0.05564
   0.28605  0.09084 -0.01374
   0.26915  0.08925  0.02800
   0.25199  0.08752  0.06502
   0.23505  0.08575  0.08766
   0.21871  0.08393  0.10598
   0.20300  0.08197  0.12666
   0.18773  0.07980  0.15629
   0.17253  0.07731  0.19983
   0.15713  0.07450  0.25053
   0.14163  0.07144  0.30303
   0.12656  0.06829  0.34710
   0.11252  0.06516  0.38618
   0.09968  0.06199  0.43026
   0.08789  0.05873  0.48320
   0.07692  0.05529  0.54658
   0.06673  0.05171  0.61524
   0.05747  0.04812  0.68317
   0.04930  0.04467  0.74818
   0.04221  0.04144  0.80450
   0.03610  0.03842  0.85773
   0.03080  0.03556  0.90463
   0.02614  0.03283  0.94533
   0.02200  0.03020  0.97569
   0.01830  0.02763  0.99552
   0.01502  0.02511  0.99905
   0.01215  0.02262  0.97996
   0.00966  0.02017  0.93277
   0.00753  0.01777  0.85142
   0.00571  0.01543  0.73367
   0.00418  0.01317  0.56808
   0.00292  0.01099  0.35147
   0.00190  0.00890  0.07202
   0.00111  0.00688 -0.26329
   0.00053  0.00492 -0.67280
   0.00016  0.00301 -1.12778
  -0.00000  0.00113 -1.62505
   0.00005 -0.00075 -2.06859
   0.00032 -0.00262 -2.39061
   0.00080 -0.00453 -2.66343
   0.00151 -0.00647 -2.85121
   0.00244 -0.00845 -3.01899
   0.00361 -0.01050 -3.13630
   0.00504 -0.01260 -3.24983
   0.00675 -0.01474 -3.33546
   0.00876 -0.01690 -3.39232
   0.01110 -0.01906 -3.38284
   0.01381 -0.02120 -3.30236
   0.01689 -0.02332 -3.16628
   0.02036 -0.02539 -3.00686
   0.02422 -0.02744 -2.85875
   0.02854 -0.02947 -2.60323
   0.03343 -0.03151 -2.43999
   0.03906 -0.03360 -2.25476
   0.04565 -0.03579 -2.05258
   0.05342 -0.03817 -1.89020
   0.06252 -0.04076 -1.78549
   0.07286 -0.04346 -1.70199
   0.08412 -0.04612 -1.62623
   0.09611 -0.04862 -1.53932
   0.10894 -0.05096 -1.44415
   0.12277 -0.05318 -1.34636
   0.13768 -0.05532 -1.25590
   0.15355 -0.05739 -1.18081
   0.17006 -0.05937 -1.11771
   0.18687 -0.06126 -1.07031
   0.20364 -0.06305 -1.04890
   0.22017 -0.06471 -1.04060
   0.23643 -0.06616 -1.03419
   0.25251 -0.06737 -1.02034
   0.26859 -0.06834 -0.99086
   0.28487 -0.06909 -0.95574
   0.30143 -0.06967 -0.91956
   0.31826 -0.07010 -0.88723
   0.33524 -0.07041 -0.86473
   0.35223 -0.07059 -0.84675
   0.36910 -0.07062 -0.83123
   0.38580 -0.07049 -0.81625
   0.40233 -0.07019 -0.80117
   0.41870 -0.06970 -0.78493
   0.43495 -0.06902 -0.76662
   0.45109 -0.06813 -0.74474
   0.46717 -0.06701 -0.71673
   0.48320 -0.06566 -0.68271
   0.49923 -0.06408 -0.64408
   0.51530 -0.06227 -0.60135
   0.53148 -0.06024 -0.55535
   0.54784 -0.05799 -0.50420
   0.56446 -0.05551 -0.45022
   0.58139 -0.05285 -0.39510
   0.59861 -0.05004 -0.34137
   0.61602 -0.04714 -0.29054
   0.63346 -0.04423 -0.24427
   0.65079 -0.04136 -0.20281
   0.66797 -0.03858 -0.16617
   0.68503 -0.03590 -0.13503
   0.70210 -0.03333 -0.10970
   0.71927 -0.03084 -0.08766
   0.73659 -0.02840 -0.06725
   0.75405 -0.02599 -0.04768
   0.77159 -0.02361 -0.02774
   0.78910 -0.02123 -0.00658
   0.80652 -0.01884  0.01740
   0.82377 -0.01643  0.04564
   0.84080 -0.01405  0.07568
   0.85759 -0.01176  0.10439
   0.87413 -0.00964  0.13015
   0.89043 -0.00771  0.15238
   0.90649 -0.00602  0.17183
   0.92231 -0.00457  0.18815
   0.93789 -0.00335  0.20224
   0.95309 -0.00235  0.21569
   0.96766 -0.00153  0.22967
   0.98110 -0.00086  0.24602
   0.99297 -0.00031  0.26636
   1.00000  0.00000  0.28959
