x z                                             
 Alfa =   2.50000 Re = 19899914.000 Xflap,Yflap =     0.000000    0.000000
#    x        y        Cp  
   1.00000  0.00000  0.29525
   0.97779  0.00280  0.24582
   0.95049  0.00672  0.22308
   0.91312  0.01370  0.16931
   0.86653  0.02459  0.04847
   0.81175  0.03815 -0.14819
   0.75000  0.05077 -0.26552
   0.68267  0.06156 -0.30631
   0.61126  0.07169 -0.36928
   0.53737  0.08148 -0.48120
   0.46264  0.09003 -0.66726
   0.38874  0.09470 -0.84941
   0.31733  0.09324 -0.84649
   0.25000  0.08731 -0.74430
   0.18826  0.07988 -0.83311
   0.13347  0.06975 -0.79115
   0.08688  0.05843 -0.91472
   0.04952  0.04477 -0.83088
   0.02221  0.03034 -0.78630
   0.00559  0.01526 -0.43909
   0.00000  0.00000  0.74014
   0.00559 -0.01332  0.82411
   0.02221 -0.02641  0.30860
   0.04952 -0.03699  0.14372
   0.08688 -0.04673 -0.01071
   0.13347 -0.05474 -0.06604
   0.18826 -0.06141 -0.10162
   0.25000 -0.06720 -0.20504
   0.31733 -0.07008 -0.21893
   0.38874 -0.07045 -0.25643
   0.46264 -0.06735 -0.27690
   0.53737 -0.05945 -0.19653
   0.61126 -0.04794 -0.04558
   0.68267 -0.03626  0.05770
   0.75000 -0.02655  0.08757
   0.81175 -0.01812  0.11763
   0.86653 -0.01059  0.19411
   0.91312 -0.00538  0.23799
   0.95049 -0.00251  0.24270
   0.97779 -0.00102  0.23435
   1.00000  0.00000  0.29525
