x z                                             
 Alfa =  -6.00000 Re = 19899914.000 Xflap,Yflap =     0.000000    0.000000
#    x        y        Cp  
   1.00000  0.00000  0.29221
   0.97779  0.00280  0.23893
   0.95049  0.00672  0.24781
   0.91312  0.01370  0.21341
   0.86653  0.02459  0.11178
   0.81175  0.03815 -0.04788
   0.75000  0.05077 -0.11432
   0.68267  0.06156 -0.10832
   0.61126  0.07169 -0.11917
   0.53737  0.08148 -0.16327
   0.46264  0.09003 -0.25724
   0.38874  0.09470 -0.32171
   0.31733  0.09324 -0.23222
   0.25000  0.08731 -0.07477
   0.18826  0.07988 -0.01662
   0.13347  0.06975  0.14445
   0.08688  0.05843  0.27141
   0.04952  0.04477  0.53396
   0.02221  0.03034  0.82439
   0.00559  0.01526  0.98037
   0.00000  0.00000 -0.75467
   0.00559 -0.01332 -2.31199
   0.02221 -0.02641 -2.14574
   0.04952 -0.03699 -1.45255
   0.08688 -0.04673 -1.26024
   0.13347 -0.05474 -1.02377
   0.18826 -0.06141 -0.86739
   0.25000 -0.06720 -0.86857
   0.31733 -0.07008 -0.76178
   0.38874 -0.07045 -0.71400
   0.46264 -0.06735 -0.65400
   0.53737 -0.05945 -0.48439
   0.61126 -0.04794 -0.26076
   0.68267 -0.03626 -0.10554
   0.75000 -0.02655 -0.03364
   0.81175 -0.01812  0.03357
   0.86653 -0.01059  0.13045
   0.91312 -0.00538  0.19123
   0.95049 -0.00251  0.22087
   0.97779 -0.00102  0.24330
   1.00000  0.00000  0.29221
