x z                                             
 Alfa =  10.25000 Re = 19899914.000 Xflap,Yflap =     0.000000    0.000000
#    x        y        Cp  
   1.00000  0.00000  0.22394
   0.97779  0.00280  0.22901
   0.95049  0.00672  0.21340
   0.91312  0.01370  0.17838
   0.86653  0.02459  0.08693
   0.81175  0.03815 -0.10981
   0.75000  0.05077 -0.28603
   0.68267  0.06156 -0.38898
   0.61126  0.07169 -0.50817
   0.53737  0.08148 -0.68470
   0.46264  0.09003 -0.95973
   0.38874  0.09470 -1.26025
   0.31733  0.09324 -1.36602
   0.25000  0.08731 -1.36077
   0.18826  0.07988 -1.63673
   0.13347  0.06975 -1.77666
   0.08688  0.05843 -2.27672
   0.04952  0.04477 -2.61477
   0.02221  0.03034 -3.38717
   0.00559  0.01526 -4.43547
   0.00000  0.00000 -3.32694
   0.00559 -0.01332  0.36648
   0.02221 -0.02641  1.00000
   0.04952 -0.03699  0.87385
   0.08688 -0.04673  0.68795
   0.13347 -0.05474  0.53841
   0.18826 -0.06141  0.42159
   0.25000 -0.06720  0.27832
   0.31733 -0.07008  0.19670
   0.38874 -0.07045  0.10879
   0.46264 -0.06735  0.03824
   0.53737 -0.05945  0.05199
   0.61126 -0.04794  0.13013
   0.68267 -0.03626  0.19433
   0.75000 -0.02655  0.19162
   0.81175 -0.01812  0.18947
   0.86653 -0.01059  0.23400
   0.91312 -0.00538  0.24857
   0.95049 -0.00251  0.21809
   0.97779 -0.00102  0.14483
   1.00000  0.00000  0.22394
