x z                                             
 Alfa =  11.37500 Re = 19899914.000 Xflap,Yflap =     0.000000    0.000000
#    x        y        Cp  
   1.00000  0.00000  0.21187
   0.99304  0.00085  0.21796
   0.98139  0.00233  0.21324
   0.96842  0.00406  0.20624
   0.95462  0.00607  0.19775
   0.94040  0.00841  0.18734
   0.92581  0.01112  0.17404
   0.91082  0.01419  0.15664
   0.89539  0.01763  0.13352
   0.87955  0.02138  0.10297
   0.86341  0.02537  0.06375
   0.84723  0.02944  0.01542
   0.83119  0.03346 -0.03999
   0.81535  0.03730 -0.09861
   0.79961  0.04089 -0.15419
   0.78384  0.04426 -0.20428
   0.76793  0.04743 -0.24903
   0.75181  0.05044 -0.28835
   0.73543  0.05330 -0.32240
   0.71877  0.05604 -0.35209
   0.70185  0.05868 -0.37925
   0.68468  0.06126 -0.40560
   0.66733  0.06380 -0.43367
   0.64986  0.06631 -0.46382
   0.63232  0.06878 -0.49580
   0.61475  0.07121 -0.52961
   0.59716  0.07361 -0.56750
   0.57957  0.07597 -0.60828
   0.56200  0.07830 -0.65293
   0.54450  0.08057 -0.70180
   0.52712  0.08277 -0.75693
   0.50990  0.08488 -0.81742
   0.49289  0.08686 -0.88239
   0.47611  0.08868 -0.94955
   0.45958  0.09032 -1.01938
   0.44329  0.09174 -1.08938
   0.42725  0.09293 -1.15996
   0.41143  0.09386 -1.22646
   0.39579  0.09451 -1.28731
   0.38029  0.09485 -1.33765
   0.36489  0.09490 -1.37511
   0.34951  0.09465 -1.40566
   0.33407  0.09412 -1.42898
   0.31844  0.09331 -1.44314
   0.30249  0.09221 -1.44521
   0.28605  0.09084 -1.44486
   0.26915  0.08925 -1.44832
   0.25199  0.08752 -1.46891
   0.23505  0.08575 -1.52931
   0.21871  0.08393 -1.61210
   0.20300  0.08197 -1.69556
   0.18773  0.07980 -1.77087
   0.17253  0.07731 -1.81515
   0.15713  0.07450 -1.85685
   0.14163  0.07144 -1.90949
   0.12656  0.06829 -2.01879
   0.11252  0.06516 -2.17843
   0.09968  0.06199 -2.34593
   0.08789  0.05873 -2.49947
   0.07692  0.05529 -2.62256
   0.06673  0.05171 -2.72925
   0.05747  0.04812 -2.84721
   0.04930  0.04467 -2.96886
   0.04221  0.04144 -3.14879
   0.03610  0.03842 -3.32785
   0.03080  0.03556 -3.50418
   0.02614  0.03283 -3.66852
   0.02200  0.03020 -3.85567
   0.01830  0.02763 -4.23683
   0.01502  0.02511 -4.47261
   0.01215  0.02262 -4.66367
   0.00966  0.02017 -4.80567
   0.00753  0.01777 -4.88673
   0.00571  0.01543 -4.94603
   0.00418  0.01317 -4.96803
   0.00292  0.01099 -5.01452
   0.00190  0.00890 -5.00745
   0.00111  0.00688 -4.94753
   0.00053  0.00492 -4.86176
   0.00016  0.00301 -4.67748
  -0.00000  0.00113 -4.25796
   0.00005 -0.00075 -3.77432
   0.00032 -0.00262 -3.08207
   0.00080 -0.00453 -2.34020
   0.00151 -0.00647 -1.71900
   0.00244 -0.00845 -1.13247
   0.00361 -0.01050 -0.64526
   0.00504 -0.01260 -0.23855
   0.00675 -0.01474  0.10114
   0.00876 -0.01690  0.37170
   0.01110 -0.01906  0.59413
   0.01381 -0.02120  0.75484
   0.01689 -0.02332  0.86855
   0.02036 -0.02539  0.94206
   0.02422 -0.02744  0.98194
   0.02854 -0.02947  0.99858
   0.03343 -0.03151  0.99768
   0.03906 -0.03360  0.98327
   0.04565 -0.03579  0.95923
   0.05342 -0.03817  0.92636
   0.06252 -0.04076  0.88497
   0.07286 -0.04346  0.83683
   0.08412 -0.04612  0.78771
   0.09611 -0.04862  0.73814
   0.10894 -0.05096  0.69378
   0.12277 -0.05318  0.65132
   0.13768 -0.05532  0.61245
   0.15355 -0.05739  0.57325
   0.17006 -0.05937  0.53649
   0.18687 -0.06126  0.49993
   0.20364 -0.06305  0.46124
   0.22017 -0.06471  0.42218
   0.23643 -0.06616  0.38414
   0.25251 -0.06737  0.34976
   0.26859 -0.06834  0.32460
   0.28487 -0.06909  0.30296
   0.30143 -0.06967  0.28319
   0.31826 -0.07010  0.26380
   0.33524 -0.07041  0.24229
   0.35223 -0.07059  0.21978
   0.36910 -0.07062  0.19752
   0.38580 -0.07049  0.17617
   0.40233 -0.07019  0.15601
   0.41870 -0.06970  0.13802
   0.43495 -0.06902  0.12133
   0.45109 -0.06813  0.10787
   0.46717 -0.06701  0.09819
   0.48320 -0.06566  0.09340
   0.49923 -0.06408  0.09238
   0.51530 -0.06227  0.09490
   0.53148 -0.06024  0.10035
   0.54784 -0.05799  0.11054
   0.56446 -0.05551  0.12359
   0.58139 -0.05285  0.13798
   0.59861 -0.05004  0.15172
   0.61602 -0.04714  0.16668
   0.63346 -0.04423  0.19665
   0.65079 -0.04136  0.20600
   0.66797 -0.03858  0.21452
   0.68503 -0.03590  0.22038
   0.70210 -0.03333  0.22172
   0.71927 -0.03084  0.22124
   0.73659 -0.02840  0.21935
   0.75405 -0.02599  0.21670
   0.77159 -0.02361  0.21396
   0.78910 -0.02123  0.21257
   0.80652 -0.01884  0.21361
   0.82377 -0.01643  0.22098
   0.84080 -0.01405  0.23277
   0.85759 -0.01176  0.24367
   0.87413 -0.00964  0.25163
   0.89043 -0.00771  0.25558
   0.90649 -0.00602  0.25565
   0.92231 -0.00457  0.24854
   0.93789 -0.00335  0.23556
   0.95309 -0.00235  0.21504
   0.96766 -0.00153  0.18535
   0.98110 -0.00086  0.14912
   0.99297 -0.00031  0.07444
   1.00000  0.00000  0.21187
