x z                                             
 Alfa =  -3.50000 Re = 19899914.000 Xflap,Yflap =     0.000000    0.000000
#    x        y        Cp  
   1.00000  0.00000  0.29737
   0.97779  0.00280  0.24082
   0.95049  0.00672  0.24051
   0.91312  0.01370  0.19886
   0.86653  0.02459  0.08817
   0.81175  0.03815 -0.08536
   0.75000  0.05077 -0.16569
   0.68267  0.06156 -0.17130
   0.61126  0.07169 -0.19545
   0.53737  0.08148 -0.25769
   0.46264  0.09003 -0.38070
   0.38874  0.09470 -0.47650
   0.31733  0.09324 -0.40818
   0.25000  0.08731 -0.26330
   0.18826  0.07988 -0.24108
   0.13347  0.06975 -0.10231
   0.08688  0.05843 -0.02688
   0.04952  0.04477  0.22029
   0.02221  0.03034  0.52054
   0.00559  0.01526  0.93400
   0.00000  0.00000  0.38411
   0.00559 -0.01332 -0.98350
   0.02221 -0.02641 -1.25091
   0.04952 -0.03699 -0.90739
   0.08688 -0.04673 -0.84079
   0.13347 -0.05474 -0.71325
   0.18826 -0.06141 -0.62638
   0.25000 -0.06720 -0.66458
   0.31733 -0.07008 -0.59758
   0.38874 -0.07045 -0.57844
   0.46264 -0.06735 -0.54459
   0.53737 -0.05945 -0.40280
   0.61126 -0.04794 -0.20213
   0.68267 -0.03626 -0.06162
   0.75000 -0.02655 -0.00171
   0.81175 -0.01812  0.05469
   0.86653 -0.01059  0.14669
   0.91312 -0.00538  0.20358
   0.95049 -0.00251  0.22708
   0.97779 -0.00102  0.24386
   1.00000  0.00000  0.29737
