x z                                             
 Alfa =  -2.00000 Re = 19899914.000 Xflap,Yflap =     0.000000    0.000000
#    x        y        Cp  
   1.00000  0.00000  0.29717
   0.97779  0.00280  0.24030
   0.95049  0.00672  0.23402
   0.91312  0.01370  0.18881
   0.86653  0.02459  0.07441
   0.81175  0.03815 -0.10602
   0.75000  0.05077 -0.19516
   0.68267  0.06156 -0.20884
   0.61126  0.07169 -0.24308
   0.53737  0.08148 -0.31720
   0.46264  0.09003 -0.44997
   0.38874  0.09470 -0.57122
   0.31733  0.09324 -0.51710
   0.25000  0.08731 -0.38201
   0.18826  0.07988 -0.38460
   0.13347  0.06975 -0.26451
   0.08688  0.05843 -0.22913
   0.04952  0.04477 -0.00656
   0.02221  0.03034  0.26597
   0.00559  0.01526  0.75360
   0.00000  0.00000  0.79117
   0.00559 -0.01332 -0.34246
   0.02221 -0.02641 -0.77413
   0.04952 -0.03699 -0.60398
   0.08688 -0.04673 -0.60883
   0.13347 -0.05474 -0.53678
   0.18826 -0.06141 -0.48598
   0.25000 -0.06720 -0.54359
   0.31733 -0.07008 -0.49903
   0.38874 -0.07045 -0.49561
   0.46264 -0.06735 -0.47619
   0.53737 -0.05945 -0.35060
   0.61126 -0.04794 -0.16435
   0.68267 -0.03626 -0.03339
   0.75000 -0.02655  0.01976
   0.81175 -0.01812  0.07009
   0.86653 -0.01059  0.15772
   0.91312 -0.00538  0.21123
   0.95049 -0.00251  0.23085
   0.97779 -0.00102  0.24357
   1.00000  0.00000  0.29717
