x z                                             
 Alfa =  12.87500 Re = 19899914.000 Xflap,Yflap =     0.000000    0.000000
#    x        y        Cp  
   1.00000  0.00000  0.16120
   0.99304  0.00085  0.16028
   0.98139  0.00233  0.15702
   0.96842  0.00406  0.15335
   0.95462  0.00607  0.14981
   0.94040  0.00841  0.14721
   0.92581  0.01112  0.14714
   0.91082  0.01419  0.15280
   0.89539  0.01763  0.14432
   0.87955  0.02138  0.12784
   0.86341  0.02537  0.10203
   0.84723  0.02944  0.06552
   0.83119  0.03346  0.01903
   0.81535  0.03730 -0.03462
   0.79961  0.04089 -0.08980
   0.78384  0.04426 -0.14296
   0.76793  0.04743 -0.19248
   0.75181  0.05044 -0.23742
   0.73543  0.05330 -0.27731
   0.71877  0.05604 -0.31289
   0.70185  0.05868 -0.34527
   0.68468  0.06126 -0.37674
   0.66733  0.06380 -0.40900
   0.64986  0.06631 -0.44322
   0.63232  0.06878 -0.47851
   0.61475  0.07121 -0.51623
   0.59716  0.07361 -0.55710
   0.57957  0.07597 -0.60102
   0.56200  0.07830 -0.64889
   0.54450  0.08057 -0.70095
   0.52712  0.08277 -0.75903
   0.50990  0.08488 -0.82342
   0.49289  0.08686 -0.89071
   0.47611  0.08868 -0.96281
   0.45958  0.09032 -1.03580
   0.44329  0.09174 -1.11035
   0.42725  0.09293 -1.18508
   0.41143  0.09386 -1.25595
   0.39579  0.09451 -1.32240
   0.38029  0.09485 -1.37667
   0.36489  0.09490 -1.41927
   0.34951  0.09465 -1.45572
   0.33407  0.09412 -1.48231
   0.31844  0.09331 -1.50332
   0.30249  0.09221 -1.50948
   0.28605  0.09084 -1.51414
   0.26915  0.08925 -1.52385
   0.25199  0.08752 -1.55046
   0.23505  0.08575 -1.61850
   0.21871  0.08393 -1.71099
   0.20300  0.08197 -1.80239
   0.18773  0.07980 -1.88911
   0.17253  0.07731 -1.94478
   0.15713  0.07450 -1.99586
   0.14163  0.07144 -2.06013
   0.12656  0.06829 -2.18408
   0.11252  0.06516 -2.36760
   0.09968  0.06199 -2.55476
   0.08789  0.05873 -2.73375
   0.07692  0.05529 -2.87765
   0.06673  0.05171 -3.01146
   0.05747  0.04812 -3.15614
   0.04930  0.04467 -3.30654
   0.04221  0.04144 -3.52383
   0.03610  0.03842 -3.74617
   0.03080  0.03556 -3.95753
   0.02614  0.03283 -4.17007
   0.02200  0.03020 -4.41828
   0.01830  0.02763 -4.71288
   0.01502  0.02511 -5.17581
   0.01215  0.02262 -5.40556
   0.00966  0.02017 -5.59413
   0.00753  0.01777 -5.73290
   0.00571  0.01543 -5.79981
   0.00418  0.01317 -5.90732
   0.00292  0.01099 -5.99249
   0.00190  0.00890 -6.06053
   0.00111  0.00688 -6.03212
   0.00053  0.00492 -6.00935
   0.00016  0.00301 -5.85862
  -0.00000  0.00113 -5.38621
   0.00005 -0.00075 -4.86788
   0.00032 -0.00262 -4.07251
   0.00080 -0.00453 -3.22446
   0.00151 -0.00647 -2.51781
   0.00244 -0.00845 -1.80398
   0.00361 -0.01050 -1.20018
   0.00504 -0.01260 -0.71723
   0.00675 -0.01474 -0.29264
   0.00876 -0.01690  0.06111
   0.01110 -0.01906  0.34731
   0.01381 -0.02120  0.56828
   0.01689 -0.02332  0.73951
   0.02036 -0.02539  0.85396
   0.02422 -0.02744  0.92925
   0.02854 -0.02947  0.97402
   0.03343 -0.03151  0.99564
   0.03906 -0.03360  0.99944
   0.04565 -0.03579  0.98929
   0.05342 -0.03817  0.96731
   0.06252 -0.04076  0.93524
   0.07286 -0.04346  0.89469
   0.08412 -0.04612  0.85008
   0.09611 -0.04862  0.80499
   0.10894 -0.05096  0.76059
   0.12277 -0.05318  0.71989
   0.13768 -0.05532  0.67921
   0.15355 -0.05739  0.64018
   0.17006 -0.05937  0.60111
   0.18687 -0.06126  0.56495
   0.20364 -0.06305  0.52427
   0.22017 -0.06471  0.48612
   0.23643 -0.06616  0.44650
   0.25251 -0.06737  0.41224
   0.26859 -0.06834  0.38492
   0.28487 -0.06909  0.36182
   0.30143 -0.06967  0.34010
   0.31826 -0.07010  0.31880
   0.33524 -0.07041  0.29512
   0.35223 -0.07059  0.27157
   0.36910 -0.07062  0.24762
   0.38580 -0.07049  0.22499
   0.40233 -0.07019  0.20325
   0.41870 -0.06970  0.18383
   0.43495 -0.06902  0.16503
   0.45109 -0.06813  0.15010
   0.46717 -0.06701  0.13853
   0.48320 -0.06566  0.13133
   0.49923 -0.06408  0.12863
   0.51530 -0.06227  0.12865
   0.53148 -0.06024  0.13199
   0.54784 -0.05799  0.13964
   0.56446 -0.05551  0.15067
   0.58139 -0.05285  0.16342
   0.59861 -0.05004  0.17647
   0.61602 -0.04714  0.18775
   0.63346 -0.04423  0.20258
   0.65079 -0.04136  0.22375
   0.66797 -0.03858  0.23018
   0.68503 -0.03590  0.23331
   0.70210 -0.03333  0.23254
   0.71927 -0.03084  0.22996
   0.73659 -0.02840  0.22619
   0.75405 -0.02599  0.22161
   0.77159 -0.02361  0.21666
   0.78910 -0.02123  0.21319
   0.80652 -0.01884  0.21182
   0.82377 -0.01643  0.21691
   0.84080 -0.01405  0.22625
   0.85759 -0.01176  0.23452
   0.87413 -0.00964  0.23975
   0.89043 -0.00771  0.24045
   0.90649 -0.00602  0.23684
   0.92231 -0.00457  0.22500
   0.93789 -0.00335  0.20596
   0.95309 -0.00235  0.17692
   0.96766 -0.00153  0.13437
   0.98110 -0.00086  0.07918
   0.99297 -0.00031 -0.04844
   1.00000  0.00000  0.16120
