x z                                             
 Alfa =  16.75000 Re = 19899914.000 Xflap,Yflap =     0.000000    0.000000
#    x        y        Cp  
   1.00000  0.00000  0.06474
   0.97779  0.00280  0.05873
   0.95049  0.00672  0.05005
   0.91312  0.01370  0.03860
   0.86653  0.02459  0.02531
   0.81175  0.03815  0.01155
   0.75000  0.05077  0.00688
   0.68267  0.06156 -0.13818
   0.61126  0.07169 -0.34715
   0.53737  0.08148 -0.60005
   0.46264  0.09003 -0.94952
   0.38874  0.09470 -1.34440
   0.31733  0.09324 -1.55554
   0.25000  0.08731 -1.65035
   0.18826  0.07988 -2.07616
   0.13347  0.06975 -2.38628
   0.08688  0.05843 -3.20546
   0.04952  0.04477 -3.95480
   0.02221  0.03034 -5.56220
   0.00559  0.01526 -8.27620
   0.00000  0.00000 -8.58217
   0.00559 -0.01332 -1.54251
   0.02221 -0.02641  0.69590
   0.04952 -0.03699  0.99928
   0.08688 -0.04673  0.93342
   0.13347 -0.05474  0.80456
   0.18826 -0.06141  0.67841
   0.25000 -0.06720  0.53054
   0.31733 -0.07008  0.42042
   0.38874 -0.07045  0.30637
   0.46264 -0.06735  0.20494
   0.53737 -0.05945  0.17571
   0.61126 -0.04794  0.21131
   0.68267 -0.03626  0.23671
   0.75000 -0.02655  0.20710
   0.81175 -0.01812  0.17139
   0.86653 -0.01059  0.18086
   0.91312 -0.00538  0.15426
   0.95049 -0.00251  0.06178
   0.97779 -0.00102 -0.14821
   1.00000  0.00000  0.06474
