x z                                             
 Alfa =   8.00000 Re = 19899914.000 Xflap,Yflap =     0.000000    0.000000
#    x        y        Cp  
   1.00000  0.00000  0.26735
   0.99304  0.00085  0.25376
   0.98139  0.00233  0.23927
   0.96842  0.00406  0.22515
   0.95462  0.00607  0.21072
   0.94040  0.00841  0.19392
   0.92581  0.01112  0.17331
   0.91082  0.01419  0.14790
   0.89539  0.01763  0.11621
   0.87955  0.02138  0.07716
   0.86341  0.02537  0.03035
   0.84723  0.02944 -0.02407
   0.83119  0.03346 -0.08285
   0.81535  0.03730 -0.14162
   0.79961  0.04089 -0.19329
   0.78384  0.04426 -0.23704
   0.76793  0.04743 -0.27436
   0.75181  0.05044 -0.30589
   0.73543  0.05330 -0.33206
   0.71877  0.05604 -0.35398
   0.70185  0.05868 -0.37355
   0.68468  0.06126 -0.39290
   0.66733  0.06380 -0.41422
   0.64986  0.06631 -0.43809
   0.63232  0.06878 -0.46357
   0.61475  0.07121 -0.49128
   0.59716  0.07361 -0.52257
   0.57957  0.07597 -0.55681
   0.56200  0.07830 -0.59480
   0.54450  0.08057 -0.63639
   0.52712  0.08277 -0.68387
   0.50990  0.08488 -0.73656
   0.49289  0.08686 -0.79277
   0.47611  0.08868 -0.85091
   0.45958  0.09032 -0.91041
   0.44329  0.09174 -0.97041
   0.42725  0.09293 -1.02983
   0.41143  0.09386 -1.08472
   0.39579  0.09451 -1.13452
   0.38029  0.09485 -1.17291
   0.36489  0.09490 -1.19942
   0.34951  0.09465 -1.21914
   0.33407  0.09412 -1.23022
   0.31844  0.09331 -1.23474
   0.30249  0.09221 -1.22601
   0.28605  0.09084 -1.21418
   0.26915  0.08925 -1.20580
   0.25199  0.08752 -1.21184
   0.23505  0.08575 -1.25399
   0.21871  0.08393 -1.31446
   0.20300  0.08197 -1.37509
   0.18773  0.07980 -1.42645
   0.17253  0.07731 -1.44697
   0.15713  0.07450 -1.46400
   0.14163  0.07144 -1.48784
   0.12656  0.06829 -1.55703
   0.11252  0.06516 -1.66942
   0.09968  0.06199 -1.78068
   0.08789  0.05873 -1.88009
   0.07692  0.05529 -1.94430
   0.06673  0.05171 -1.99959
   0.05747  0.04812 -2.04468
   0.04930  0.04467 -2.10489
   0.04221  0.04144 -2.19705
   0.03610  0.03842 -2.28246
   0.03080  0.03556 -2.36660
   0.02614  0.03283 -2.50605
   0.02200  0.03020 -2.60031
   0.01830  0.02763 -2.72554
   0.01502  0.02511 -2.84891
   0.01215  0.02262 -2.92141
   0.00966  0.02017 -2.94430
   0.00753  0.01777 -2.92752
   0.00571  0.01543 -2.86027
   0.00418  0.01317 -2.80543
   0.00292  0.01099 -2.71975
   0.00190  0.00890 -2.63128
   0.00111  0.00688 -2.49174
   0.00053  0.00492 -2.32069
   0.00016  0.00301 -2.11136
  -0.00000  0.00113 -1.77096
   0.00005 -0.00075 -1.39331
   0.00032 -0.00262 -0.93915
   0.00080 -0.00453 -0.49422
   0.00151 -0.00647 -0.12310
   0.00244 -0.00845  0.19178
   0.00361 -0.01050  0.45094
   0.00504 -0.01260  0.64523
   0.00675 -0.01474  0.79830
   0.00876 -0.01690  0.89867
   0.01110 -0.01906  0.96431
   0.01381 -0.02120  0.99488
   0.01689 -0.02332  0.99883
   0.02036 -0.02539  0.98334
   0.02422 -0.02744  0.95534
   0.02854 -0.02947  0.91873
   0.03343 -0.03151  0.87737
   0.03906 -0.03360  0.83190
   0.04565 -0.03579  0.78869
   0.05342 -0.03817  0.73849
   0.06252 -0.04076  0.68401
   0.07286 -0.04346  0.62457
   0.08412 -0.04612  0.56824
   0.09611 -0.04862  0.51769
   0.10894 -0.05096  0.47436
   0.12277 -0.05318  0.43697
   0.13768 -0.05532  0.40286
   0.15355 -0.05739  0.36985
   0.17006 -0.05937  0.33814
   0.18687 -0.06126  0.30675
   0.20364 -0.06305  0.27064
   0.22017 -0.06471  0.23329
   0.23643 -0.06616  0.19755
   0.25251 -0.06737  0.16665
   0.26859 -0.06834  0.14582
   0.28487 -0.06909  0.12955
   0.30143 -0.06967  0.11531
   0.31826 -0.07010  0.10148
   0.33524 -0.07041  0.08416
   0.35223 -0.07059  0.06539
   0.36910 -0.07062  0.04754
   0.38580 -0.07049  0.02992
   0.40233 -0.07019  0.01372
   0.41870 -0.06970 -0.00086
   0.43495 -0.06902 -0.01295
   0.45109 -0.06813 -0.02278
   0.46717 -0.06701 -0.02699
   0.48320 -0.06566 -0.02714
   0.49923 -0.06408 -0.02266
   0.51530 -0.06227 -0.01465
   0.53148 -0.06024 -0.00350
   0.54784 -0.05799  0.01182
   0.56446 -0.05551  0.02877
   0.58139 -0.05285  0.04317
   0.59861 -0.05004  0.08369
   0.61602 -0.04714  0.10674
   0.63346 -0.04423  0.12419
   0.65079 -0.04136  0.13939
   0.66797 -0.03858  0.15355
   0.68503 -0.03590  0.16415
   0.70210 -0.03333  0.16965
   0.71927 -0.03084  0.17272
   0.73659 -0.02840  0.17453
   0.75405 -0.02599  0.17541
   0.77159 -0.02361  0.17642
   0.78910 -0.02123  0.17879
   0.80652 -0.01884  0.18393
   0.82377 -0.01643  0.19570
   0.84080 -0.01405  0.21177
   0.85759 -0.01176  0.22709
   0.87413 -0.00964  0.23963
   0.89043 -0.00771  0.24822
   0.90649 -0.00602  0.25346
   0.92231 -0.00457  0.25242
   0.93789 -0.00335  0.24665
   0.95309 -0.00235  0.23580
   0.96766 -0.00153  0.22000
   0.98110 -0.00086  0.20369
   0.99297 -0.00031  0.17844
   1.00000  0.00000  0.26735
