x z                                             
 Alfa = -27.00000 Re = 19899914.000 Xflap,Yflap =     0.000000    0.000000
#    x        y        Cp  
   1.00000  0.00000 -0.30034
   0.99304  0.00085 -0.52831
   0.98139  0.00233 -0.29580
   0.96842  0.00406 -0.17821
   0.95462  0.00607 -0.09030
   0.94040  0.00841 -0.03695
   0.92581  0.01112 -0.00698
   0.91082  0.01419  0.00795
   0.89539  0.01763  0.01081
   0.87955  0.02138  0.00606
   0.86341  0.02537 -0.00483
   0.84723  0.02944 -0.02018
   0.83119  0.03346 -0.03629
   0.81535  0.03730 -0.04883
   0.79961  0.04089 -0.04815
   0.78384  0.04426 -0.03867
   0.76793  0.04743 -0.02298
   0.75181  0.05044 -0.00356
   0.73543  0.05330  0.02059
   0.71877  0.05604  0.04701
   0.70185  0.05868  0.07441
   0.68468  0.06126  0.10089
   0.66733  0.06380  0.12453
   0.64986  0.06631  0.14725
   0.63232  0.06878  0.16767
   0.61475  0.07121  0.18745
   0.59716  0.07361  0.20524
   0.57957  0.07597  0.22215
   0.56200  0.07830  0.23745
   0.54450  0.08057  0.25244
   0.52712  0.08277  0.26551
   0.50990  0.08488  0.27715
   0.49289  0.08686  0.28929
   0.47611  0.08868  0.30249
   0.45958  0.09032  0.31602
   0.44329  0.09174  0.33190
   0.42725  0.09293  0.34958
   0.41143  0.09386  0.36912
   0.39579  0.09451  0.39337
   0.38029  0.09485  0.42193
   0.36489  0.09490  0.45327
   0.34951  0.09465  0.48770
   0.33407  0.09412  0.52502
   0.31844  0.09331  0.56307
   0.30249  0.09221  0.60408
   0.28605  0.09084  0.64763
   0.26915  0.08925  0.68857
   0.25199  0.08752  0.72861
   0.23505  0.08575  0.76280
   0.21871  0.08393  0.79521
   0.20300  0.08197  0.82761
   0.18773  0.07980  0.86044
   0.17253  0.07731  0.89455
   0.15713  0.07450  0.92675
   0.14163  0.07144  0.95601
   0.12656  0.06829  0.97878
   0.11252  0.06516  0.99430
   0.09968  0.06199  1.00000
   0.08789  0.05873  0.99263
   0.07692  0.05529  0.96837
   0.06673  0.05171  0.92234
   0.05747  0.04812  0.85166
   0.04930  0.04467  0.74685
   0.04221  0.04144  0.61360
   0.03610  0.03842  0.43817
   0.03080  0.03556  0.22143
   0.02614  0.03283 -0.04460
   0.02200  0.03020 -0.36578
   0.01830  0.02763 -0.81352
   0.01502  0.02511 -1.32290
   0.01215  0.02262 -1.97924
   0.00966  0.02017 -2.68497
   0.00753  0.01777 -3.46499
   0.00571  0.01543 -4.39431
   0.00418  0.01317 -5.36768
   0.00292  0.01099 -6.60424
   0.00190  0.00890 -7.91059
   0.00111  0.00688 -9.36536
   0.00053  0.00492-10.91785
   0.00016  0.00301-12.43752
  -0.00000  0.00113-13.85110
   0.00005 -0.00075-14.76444
   0.00032 -0.00262-14.95362
   0.00080 -0.00453-14.77329
   0.00151 -0.00647-14.47038
   0.00244 -0.00845-13.94644
   0.00361 -0.01050-13.45256
   0.00504 -0.01260-12.95414
   0.00675 -0.01474-12.06548
   0.00876 -0.01690-11.53350
   0.01110 -0.01906-10.79735
   0.01381 -0.02120 -9.96031
   0.01689 -0.02332 -9.07415
   0.02036 -0.02539 -8.12553
   0.02422 -0.02744 -7.34109
   0.02854 -0.02947 -6.56655
   0.03343 -0.03151 -5.87864
   0.03906 -0.03360 -5.17344
   0.04565 -0.03579 -4.50565
   0.05342 -0.03817 -3.94755
   0.06252 -0.04076 -3.49886
   0.07286 -0.04346 -3.10376
   0.08412 -0.04612 -2.74342
   0.09611 -0.04862 -2.39413
   0.10894 -0.05096 -2.04887
   0.12277 -0.05318 -1.71019
   0.13768 -0.05532 -1.39357
   0.15355 -0.05739 -1.11307
   0.17006 -0.05937 -0.92225
   0.18687 -0.06126 -0.88840
   0.20364 -0.06305 -0.84874
   0.22017 -0.06471 -0.80789
   0.23643 -0.06616 -0.77001
   0.25251 -0.06737 -0.73568
   0.26859 -0.06834 -0.70458
   0.28487 -0.06909 -0.67617
   0.30143 -0.06967 -0.64999
   0.31826 -0.07010 -0.62582
   0.33524 -0.07041 -0.60356
   0.35223 -0.07059 -0.58324
   0.36910 -0.07062 -0.56476
   0.38580 -0.07049 -0.54797
   0.40233 -0.07019 -0.53269
   0.41870 -0.06970 -0.51872
   0.43495 -0.06902 -0.50590
   0.45109 -0.06813 -0.49409
   0.46717 -0.06701 -0.48317
   0.48320 -0.06566 -0.47301
   0.49923 -0.06408 -0.46352
   0.51530 -0.06227 -0.45459
   0.53148 -0.06024 -0.44614
   0.54784 -0.05799 -0.43809
   0.56446 -0.05551 -0.43035
   0.58139 -0.05285 -0.42288
   0.59861 -0.05004 -0.41565
   0.61602 -0.04714 -0.40867
   0.63346 -0.04423 -0.40199
   0.65079 -0.04136 -0.39561
   0.66797 -0.03858 -0.38953
   0.68503 -0.03590 -0.38369
   0.70210 -0.03333 -0.37804
   0.71927 -0.03084 -0.37254
   0.73659 -0.02840 -0.36717
   0.75405 -0.02599 -0.36191
   0.77159 -0.02361 -0.35679
   0.78910 -0.02123 -0.35182
   0.80652 -0.01884 -0.34702
   0.82377 -0.01643 -0.34241
   0.84080 -0.01405 -0.33796
   0.85759 -0.01176 -0.33367
   0.87413 -0.00964 -0.32954
   0.89043 -0.00771 -0.32554
   0.90649 -0.00602 -0.32166
   0.92231 -0.00457 -0.31789
   0.93789 -0.00335 -0.31424
   0.95309 -0.00235 -0.31072
   0.96766 -0.00153 -0.30740
   0.98110 -0.00086 -0.30437
   0.99297 -0.00031 -0.30176
   1.00000  0.00000 -0.30034
