x z                                             
 Alfa =  14.75000 Re = 19899914.000 Xflap,Yflap =     0.000000    0.000000
#    x        y        Cp  
   1.00000  0.00000  0.10836
   0.99304  0.00085  0.10673
   0.98139  0.00233  0.10285
   0.96842  0.00406  0.09846
   0.95462  0.00607  0.09388
   0.94040  0.00841  0.08937
   0.92581  0.01112  0.08503
   0.91082  0.01419  0.08097
   0.89539  0.01763  0.07740
   0.87955  0.02138  0.07497
   0.86341  0.02537  0.07628
   0.84723  0.02944  0.08542
   0.83119  0.03346  0.06863
   0.81535  0.03730  0.03886
   0.79961  0.04089 -0.00105
   0.78384  0.04426 -0.04748
   0.76793  0.04743 -0.09708
   0.75181  0.05044 -0.14674
   0.73543  0.05330 -0.19430
   0.71877  0.05604 -0.23847
   0.70185  0.05868 -0.27966
   0.68468  0.06126 -0.31921
   0.66733  0.06380 -0.35876
   0.64986  0.06631 -0.39930
   0.63232  0.06878 -0.44071
   0.61475  0.07121 -0.48349
   0.59716  0.07361 -0.52939
   0.57957  0.07597 -0.57811
   0.56200  0.07830 -0.63053
   0.54450  0.08057 -0.68712
   0.52712  0.08277 -0.74963
   0.50990  0.08488 -0.81788
   0.49289  0.08686 -0.89102
   0.47611  0.08868 -0.96650
   0.45958  0.09032 -1.04552
   0.44329  0.09174 -1.12478
   0.42725  0.09293 -1.20423
   0.41143  0.09386 -1.28329
   0.39579  0.09451 -1.35374
   0.38029  0.09485 -1.41599
   0.36489  0.09490 -1.46402
   0.34951  0.09465 -1.50817
   0.33407  0.09412 -1.54147
   0.31844  0.09331 -1.56762
   0.30249  0.09221 -1.58200
   0.28605  0.09084 -1.59360
   0.26915  0.08925 -1.60910
   0.25199  0.08752 -1.64569
   0.23505  0.08575 -1.72425
   0.21871  0.08393 -1.82570
   0.20300  0.08197 -1.93364
   0.18773  0.07980 -2.02941
   0.17253  0.07731 -2.09678
   0.15713  0.07450 -2.16429
   0.14163  0.07144 -2.24390
   0.12656  0.06829 -2.39130
   0.11252  0.06516 -2.59703
   0.09968  0.06199 -2.81576
   0.08789  0.05873 -3.02386
   0.07692  0.05529 -3.19822
   0.06673  0.05171 -3.36659
   0.05747  0.04812 -3.54495
   0.04930  0.04467 -3.73334
   0.04221  0.04144 -4.00421
   0.03610  0.03842 -4.26381
   0.03080  0.03556 -4.54569
   0.02614  0.03283 -4.80735
   0.02200  0.03020 -5.12215
   0.01830  0.02763 -5.50051
   0.01502  0.02511 -5.91589
   0.01215  0.02262 -6.39251
   0.00966  0.02017 -6.63850
   0.00753  0.01777 -6.82043
   0.00571  0.01543 -6.98269
   0.00418  0.01317 -7.17225
   0.00292  0.01099 -7.31176
   0.00190  0.00890 -7.44685
   0.00111  0.00688 -7.49103
   0.00053  0.00492 -7.55943
   0.00016  0.00301 -7.38528
  -0.00000  0.00113 -6.97196
   0.00005 -0.00075 -6.36939
   0.00032 -0.00262 -5.45505
   0.00080 -0.00453 -4.52624
   0.00151 -0.00647 -3.56081
   0.00244 -0.00845 -2.78733
   0.00361 -0.01050 -2.01254
   0.00504 -0.01260 -1.38919
   0.00675 -0.01474 -0.88783
   0.00876 -0.01690 -0.42063
   0.01110 -0.01906 -0.03472
   0.01381 -0.02120  0.26823
   0.01689 -0.02332  0.51184
   0.02036 -0.02539  0.69132
   0.02422 -0.02744  0.81573
   0.02854 -0.02947  0.90189
   0.03343 -0.03151  0.95683
   0.03906 -0.03360  0.98774
   0.04565 -0.03579  0.99970
   0.05342 -0.03817  0.99545
   0.06252 -0.04076  0.97818
   0.07286 -0.04346  0.94921
   0.08412 -0.04612  0.91304
   0.09611 -0.04862  0.87456
   0.10894 -0.05096  0.83326
   0.12277 -0.05318  0.79437
   0.13768 -0.05532  0.75476
   0.15355 -0.05739  0.71547
   0.17006 -0.05937  0.67644
   0.18687 -0.06126  0.63961
   0.20364 -0.06305  0.59969
   0.22017 -0.06471  0.55987
   0.23643 -0.06616  0.52158
   0.25251 -0.06737  0.48628
   0.26859 -0.06834  0.45773
   0.28487 -0.06909  0.43254
   0.30143 -0.06967  0.40818
   0.31826 -0.07010  0.38661
   0.33524 -0.07041  0.35955
   0.35223 -0.07059  0.33461
   0.36910 -0.07062  0.30979
   0.38580 -0.07049  0.28527
   0.40233 -0.07019  0.26160
   0.41870 -0.06970  0.24059
   0.43495 -0.06902  0.22005
   0.45109 -0.06813  0.20303
   0.46717 -0.06701  0.18887
   0.48320 -0.06566  0.18011
   0.49923 -0.06408  0.17366
   0.51530 -0.06227  0.17202
   0.53148 -0.06024  0.17195
   0.54784 -0.05799  0.17731
   0.56446 -0.05551  0.18530
   0.58139 -0.05285  0.19561
   0.59861 -0.05004  0.20635
   0.61602 -0.04714  0.21706
   0.63346 -0.04423  0.22610
   0.65079 -0.04136  0.23169
   0.66797 -0.03858  0.24968
   0.68503 -0.03590  0.25238
   0.70210 -0.03333  0.24852
   0.71927 -0.03084  0.24328
   0.73659 -0.02840  0.23666
   0.75405 -0.02599  0.22976
   0.77159 -0.02361  0.22218
   0.78910 -0.02123  0.21614
   0.80652 -0.01884  0.21189
   0.82377 -0.01643  0.21420
   0.84080 -0.01405  0.22059
   0.85759 -0.01176  0.22587
   0.87413 -0.00964  0.22774
   0.89043 -0.00771  0.22489
   0.90649 -0.00602  0.21699
   0.92231 -0.00457  0.19987
   0.93789 -0.00335  0.17414
   0.95309 -0.00235  0.13608
   0.96766 -0.00153  0.08029
   0.98110 -0.00086  0.00651
   0.99297 -0.00031 -0.17261
   1.00000  0.00000  0.10836
