x z                                             
 Alfa =  22.25000 Re = 19899914.000 Xflap,Yflap =     0.000000    0.000000
#    x        y        Cp  
   1.00000  0.00000 -0.09330
   0.97779  0.00280 -0.09929
   0.95049  0.00672 -0.10773
   0.91312  0.01370 -0.11980
   0.86653  0.02459 -0.13579
   0.81175  0.03815 -0.15642
   0.75000  0.05077 -0.18317
   0.68267  0.06156 -0.21642
   0.61126  0.07169 -0.25401
   0.53737  0.08148 -0.29174
   0.46264  0.09003 -0.35348
   0.38874  0.09470 -0.91403
   0.31733  0.09324 -1.32609
   0.25000  0.08731 -1.56707
   0.18826  0.07988 -2.11169
   0.13347  0.06975 -2.56903
   0.08688  0.05843 -3.60900
   0.04952  0.04477 -4.67611
   0.02221  0.03034 -6.91301
   0.00559  0.01526-10.97903
   0.00000  0.00000-12.82626
   0.00559 -0.01332 -3.42914
   0.02221 -0.02641  0.16431
   0.04952 -0.03699  0.92023
   0.08688 -0.04673  0.99707
   0.13347 -0.05474  0.92193
   0.18826 -0.06141  0.81172
   0.25000 -0.06720  0.67298
   0.31733 -0.07008  0.55261
   0.38874 -0.07045  0.42588
   0.46264 -0.06735  0.30567
   0.53737 -0.05945  0.24812
   0.61126 -0.04794  0.25455
   0.68267 -0.03626  0.25328
   0.75000 -0.02655  0.20040
   0.81175 -0.01812  0.14028
   0.86653 -0.01059  0.12519
   0.91312 -0.00538  0.07075
   0.95049 -0.00251 -0.06307
   0.97779 -0.00102 -0.35979
   1.00000  0.00000 -0.09330
