x z                                             
 Alfa =  -5.50000 Re = 19899914.000 Xflap,Yflap =     0.000000    0.000000
#    x        y        Cp  
   1.00000  0.00000  0.29319
   0.97779  0.00280  0.24110
   0.95049  0.00672  0.24632
   0.91312  0.01370  0.21046
   0.86653  0.02459  0.10798
   0.81175  0.03815 -0.05353
   0.75000  0.05077 -0.12305
   0.68267  0.06156 -0.12008
   0.61126  0.07169 -0.13502
   0.53737  0.08148 -0.18293
   0.46264  0.09003 -0.27704
   0.38874  0.09470 -0.35022
   0.31733  0.09324 -0.26488
   0.25000  0.08731 -0.10980
   0.18826  0.07988 -0.05809
   0.13347  0.06975  0.09909
   0.08688  0.05843  0.21782
   0.04952  0.04477  0.47941
   0.02221  0.03034  0.77738
   0.00559  0.01526  0.99598
   0.00000  0.00000 -0.48977
   0.00559 -0.01332 -2.03128
   0.02221 -0.02641 -1.96571
   0.04952 -0.03699 -1.34016
   0.08688 -0.04673 -1.17537
   0.13347 -0.05474 -0.96295
   0.18826 -0.06141 -0.82035
   0.25000 -0.06720 -0.82935
   0.31733 -0.07008 -0.73057
   0.38874 -0.07045 -0.68872
   0.46264 -0.06735 -0.63421
   0.53737 -0.05945 -0.47012
   0.61126 -0.04794 -0.25072
   0.68267 -0.03626 -0.09812
   0.75000 -0.02655 -0.02877
   0.81175 -0.01812  0.03610
   0.86653 -0.01059  0.13245
   0.91312 -0.00538  0.19272
   0.95049 -0.00251  0.22103
   0.97779 -0.00102  0.24224
   1.00000  0.00000  0.29319
