x z                                             
 Alfa =  13.25000 Re = 19899914.000 Xflap,Yflap =     0.000000    0.000000
#    x        y        Cp  
   1.00000  0.00000  0.13571
   0.97779  0.00280  0.12960
   0.95049  0.00672  0.12058
   0.91312  0.01370  0.10948
   0.86653  0.02459  0.10108
   0.81175  0.03815  0.06304
   0.75000  0.05077 -0.13417
   0.68267  0.06156 -0.29594
   0.61126  0.07169 -0.45373
   0.53737  0.08148 -0.66000
   0.46264  0.09003 -0.96614
   0.38874  0.09470 -1.30755
   0.31733  0.09324 -1.45867
   0.25000  0.08731 -1.49643
   0.18826  0.07988 -1.83857
   0.13347  0.06975 -2.05235
   0.08688  0.05843 -2.69126
   0.04952  0.04477 -3.20441
   0.02221  0.03034 -4.32772
   0.00559  0.01526 -6.05702
   0.00000  0.00000 -5.46007
   0.00559 -0.01332 -0.33648
   0.02221 -0.02641  0.93856
   0.04952 -0.03699  0.96614
   0.08688 -0.04673  0.81950
   0.13347 -0.05474  0.67037
   0.18826 -0.06141  0.54361
   0.25000 -0.06720  0.39508
   0.31733 -0.07008  0.29738
   0.38874 -0.07045  0.19555
   0.46264 -0.06735  0.10886
   0.53737 -0.05945  0.10203
   0.61126 -0.04794  0.15975
   0.68267 -0.03626  0.20702
   0.75000 -0.02655  0.18945
   0.81175 -0.01812  0.17006
   0.86653 -0.01059  0.19739
   0.91312 -0.00538  0.19062
   0.95049 -0.00251  0.12626
   0.97779 -0.00102 -0.02416
   1.00000  0.00000  0.13571
