x z                                             
 Alfa =   6.00000 Re = 19899914.000 Xflap,Yflap =     0.000000    0.000000
#    x        y        Cp  
   1.00000  0.00000  0.27754
   0.97779  0.00280  0.24053
   0.95049  0.00672  0.21343
   0.91312  0.01370  0.15944
   0.86653  0.02459  0.04238
   0.81175  0.03815 -0.15970
   0.75000  0.05077 -0.30110
   0.68267  0.06156 -0.36700
   0.61126  0.07169 -0.45415
   0.53737  0.08148 -0.59507
   0.46264  0.09003 -0.82173
   0.38874  0.09470 -1.05721
   0.31733  0.09324 -1.10146
   0.25000  0.08731 -1.04154
   0.18826  0.07988 -1.21289
   0.13347  0.06975 -1.24468
   0.08688  0.05843 -1.52680
   0.04952  0.04477 -1.61006
   0.02221  0.03034 -1.87916
   0.00559  0.01526 -2.01605
   0.00000  0.00000 -0.56702
   0.00559 -0.01332  0.97652
   0.02221 -0.02641  0.80585
   0.04952 -0.03699  0.56707
   0.08688 -0.04673  0.36718
   0.13347 -0.05474  0.24811
   0.18826 -0.06141  0.16507
   0.25000 -0.06720  0.03751
   0.31733 -0.07008 -0.01159
   0.38874 -0.07045 -0.07331
   0.46264 -0.06735 -0.12008
   0.53737 -0.05945 -0.07339
   0.61126 -0.04794  0.04080
   0.68267 -0.03626  0.12258
   0.75000 -0.02655  0.14046
   0.81175 -0.01812  0.15835
   0.86653 -0.01059  0.22001
   0.91312 -0.00538  0.25189
   0.95049 -0.00251  0.24572
   0.97779 -0.00102  0.22260
   1.00000  0.00000  0.27754
