x z                                             
 Alfa =  26.37500 Re = 19899914.000 Xflap,Yflap =     0.000000    0.000000
#    x        y        Cp  
   1.00000  0.00000 -0.20990
   0.97779  0.00280 -0.21473
   0.95049  0.00672 -0.22132
   0.91312  0.01370 -0.23073
   0.86653  0.02459 -0.24318
   0.81175  0.03815 -0.25922
   0.75000  0.05077 -0.28007
   0.68267  0.06156 -0.30705
   0.61126  0.07169 -0.34125
   0.53737  0.08148 -0.38330
   0.46264  0.09003 -0.43164
   0.38874  0.09470 -0.48284
   0.31733  0.09324 -0.58241
   0.25000  0.08731 -1.10317
   0.18826  0.07988 -1.79020
   0.13347  0.06975 -2.38686
   0.08688  0.05843 -3.55589
   0.04952  0.04477 -4.82549
   0.02221  0.03034 -7.42737
   0.00559  0.01526-12.30728
   0.00000  0.00000-15.33412
   0.00559 -0.01332 -4.71047
   0.02221 -0.02641 -0.27303
   0.04952 -0.03699  0.80728
   0.08688 -0.04673  0.99446
   0.13347 -0.05474  0.96960
   0.18826 -0.06141  0.88025
   0.25000 -0.06720  0.75457
   0.31733 -0.07008  0.63352
   0.38874 -0.07045  0.50370
   0.46264 -0.06735  0.37522
   0.53737 -0.05945  0.30239
   0.61126 -0.04794  0.29126
   0.68267 -0.03626  0.27571
   0.75000 -0.02655  0.21060
   0.81175 -0.01812  0.13773
   0.86653 -0.01059  0.11118
   0.91312 -0.00538  0.04614
   0.95049 -0.00251 -0.10010
   0.97779 -0.00102 -0.40392
   1.00000  0.00000 -0.20990
