x z                                             
 Alfa =  18.87500 Re = 19899914.000 Xflap,Yflap =     0.000000    0.000000
#    x        y        Cp  
   1.00000  0.00000 -0.03490
   0.99304  0.00085 -0.03703
   0.98139  0.00233 -0.04124
   0.96842  0.00406 -0.04601
   0.95462  0.00607 -0.05109
   0.94040  0.00841 -0.05629
   0.92581  0.01112 -0.06158
   0.91082  0.01419 -0.06696
   0.89539  0.01763 -0.07244
   0.87955  0.02138 -0.07802
   0.86341  0.02537 -0.08367
   0.84723  0.02944 -0.08932
   0.83119  0.03346 -0.09494
   0.81535  0.03730 -0.10052
   0.79961  0.04089 -0.10614
   0.78384  0.04426 -0.11183
   0.76793  0.04743 -0.11756
   0.75181  0.05044 -0.12321
   0.73543  0.05330 -0.12847
   0.71877  0.05604 -0.13231
   0.70185  0.05868 -0.13071
   0.68468  0.06126 -0.12670
   0.66733  0.06380 -0.14910
   0.64986  0.06631 -0.18287
   0.63232  0.06878 -0.22633
   0.61475  0.07121 -0.27779
   0.59716  0.07361 -0.33592
   0.57957  0.07597 -0.39961
   0.56200  0.07830 -0.46805
   0.54450  0.08057 -0.54085
   0.52712  0.08277 -0.61887
   0.50990  0.08488 -0.70237
   0.49289  0.08686 -0.79005
   0.47611  0.08868 -0.88093
   0.45958  0.09032 -0.97517
   0.44329  0.09174 -1.07003
   0.42725  0.09293 -1.16602
   0.41143  0.09386 -1.25946
   0.39579  0.09451 -1.34764
   0.38029  0.09485 -1.42649
   0.36489  0.09490 -1.49382
   0.34951  0.09465 -1.55439
   0.33407  0.09412 -1.60545
   0.31844  0.09331 -1.65041
   0.30249  0.09221 -1.68481
   0.28605  0.09084 -1.71380
   0.26915  0.08925 -1.75099
   0.25199  0.08752 -1.80753
   0.23505  0.08575 -1.90978
   0.21871  0.08393 -2.03650
   0.20300  0.08197 -2.16939
   0.18773  0.07980 -2.29923
   0.17253  0.07731 -2.39433
   0.15713  0.07450 -2.49747
   0.14163  0.07144 -2.61611
   0.12656  0.06829 -2.80894
   0.11252  0.06516 -3.07463
   0.09968  0.06199 -3.35800
   0.08789  0.05873 -3.63595
   0.07692  0.05529 -3.88854
   0.06673  0.05171 -4.12967
   0.05747  0.04812 -4.39421
   0.04930  0.04467 -4.68112
   0.04221  0.04144 -5.06281
   0.03610  0.03842 -5.43709
   0.03080  0.03556 -5.84822
   0.02614  0.03283 -6.25068
   0.02200  0.03020 -6.72599
   0.01830  0.02763 -7.31968
   0.01502  0.02511 -7.93815
   0.01215  0.02262 -8.48697
   0.00966  0.02017 -8.92869
   0.00753  0.01777 -9.32809
   0.00571  0.01543 -9.85099
   0.00418  0.01317-10.15088
   0.00292  0.01099-10.49179
   0.00190  0.00890-10.84660
   0.00111  0.00688-11.10594
   0.00053  0.00492-11.32581
   0.00016  0.00301-11.28211
  -0.00000  0.00113-10.93878
   0.00005 -0.00075-10.21329
   0.00032 -0.00262 -9.00437
   0.00080 -0.00453 -7.69495
   0.00151 -0.00647 -6.42687
   0.00244 -0.00845 -5.29958
   0.00361 -0.01050 -4.21294
   0.00504 -0.01260 -3.29556
   0.00675 -0.01474 -2.52419
   0.00876 -0.01690 -1.78896
   0.01110 -0.01906 -1.17885
   0.01381 -0.02120 -0.66125
   0.01689 -0.02332 -0.21476
   0.02036 -0.02539  0.11628
   0.02422 -0.02744  0.38969
   0.02854 -0.02947  0.58003
   0.03343 -0.03151  0.72886
   0.03906 -0.03360  0.84119
   0.04565 -0.03579  0.91667
   0.05342 -0.03817  0.96718
   0.06252 -0.04076  0.99281
   0.07286 -0.04346  0.99996
   0.08412 -0.04612  0.99214
   0.09611 -0.04862  0.97376
   0.10894 -0.05096  0.94869
   0.12277 -0.05318  0.91935
   0.13768 -0.05532  0.88675
   0.15355 -0.05739  0.85228
   0.17006 -0.05937  0.81700
   0.18687 -0.06126  0.78180
   0.20364 -0.06305  0.74509
   0.22017 -0.06471  0.70815
   0.23643 -0.06616  0.67085
   0.25251 -0.06737  0.63598
   0.26859 -0.06834  0.60676
   0.28487 -0.06909  0.57838
   0.30143 -0.06967  0.55248
   0.31826 -0.07010  0.52590
   0.33524 -0.07041  0.49925
   0.35223 -0.07059  0.47011
   0.36910 -0.07062  0.44376
   0.38580 -0.07049  0.41641
   0.40233 -0.07019  0.39050
   0.41870 -0.06970  0.36597
   0.43495 -0.06902  0.34274
   0.45109 -0.06813  0.32182
   0.46717 -0.06701  0.30450
   0.48320 -0.06566  0.29022
   0.49923 -0.06408  0.27990
   0.51530 -0.06227  0.27216
   0.53148 -0.06024  0.26743
   0.54784 -0.05799  0.26657
   0.56446 -0.05551  0.26920
   0.58139 -0.05285  0.27324
   0.59861 -0.05004  0.27910
   0.61602 -0.04714  0.28413
   0.63346 -0.04423  0.28895
   0.65079 -0.04136  0.29254
   0.66797 -0.03858  0.29427
   0.68503 -0.03590  0.29329
   0.70210 -0.03333  0.28836
   0.71927 -0.03084  0.28065
   0.73659 -0.02840  0.27140
   0.75405 -0.02599  0.26082
   0.77159 -0.02361  0.24949
   0.78910 -0.02123  0.23925
   0.80652 -0.01884  0.23056
   0.82377 -0.01643  0.22786
   0.84080 -0.01405  0.22916
   0.85759 -0.01176  0.22952
   0.87413 -0.00964  0.22652
   0.89043 -0.00771  0.21910
   0.90649 -0.00602  0.20631
   0.92231 -0.00457  0.18379
   0.93789 -0.00335  0.15211
   0.95309 -0.00235  0.10700
   0.96766 -0.00153  0.04399
   0.98110 -0.00086 -0.03318
   0.99297 -0.00031 -0.16999
   1.00000  0.00000 -0.03490
