x z                                             
 Alfa =  27.50000 Re = 19899914.000 Xflap,Yflap =     0.000000    0.000000
#    x        y        Cp  
   1.00000  0.00000 -0.22598
   0.97779  0.00280 -0.23062
   0.95049  0.00672 -0.23692
   0.91312  0.01370 -0.24590
   0.86653  0.02459 -0.25774
   0.81175  0.03815 -0.27292
   0.75000  0.05077 -0.29251
   0.68267  0.06156 -0.31768
   0.61126  0.07169 -0.34939
   0.53737  0.08148 -0.38831
   0.46264  0.09003 -0.43352
   0.38874  0.09470 -0.48280
   0.31733  0.09324 -0.53491
   0.25000  0.08731 -1.01132
   0.18826  0.07988 -1.74195
   0.13347  0.06975 -2.38576
   0.08688  0.05843 -3.60630
   0.04952  0.04477 -4.95171
   0.02221  0.03034 -7.70283
   0.00559  0.01526-12.91866
   0.00000  0.00000-16.39857
   0.00559 -0.01332 -5.24835
   0.02221 -0.02641 -0.46015
   0.04952 -0.03699  0.75272
   0.08688 -0.04673  0.98512
   0.13347 -0.05474  0.98172
   0.18826 -0.06141  0.90203
   0.25000 -0.06720  0.78274
   0.31733 -0.07008  0.66347
   0.38874 -0.07045  0.53428
   0.46264 -0.06735  0.40500
   0.53737 -0.05945  0.32841
   0.61126 -0.04794  0.31219
   0.68267 -0.03626  0.29260
   0.75000 -0.02655  0.22481
   0.81175 -0.01812  0.14931
   0.86653 -0.01059  0.11978
   0.91312 -0.00538  0.05249
   0.95049 -0.00251 -0.09550
   0.97779 -0.00102 -0.39808
   1.00000  0.00000 -0.22598
