x z                                             
 Alfa =  11.25000 Re = 19899914.000 Xflap,Yflap =     0.000000    0.000000
#    x        y        Cp  
   1.00000  0.00000  0.21727
   0.99304  0.00085  0.22058
   0.98139  0.00233  0.21467
   0.96842  0.00406  0.20715
   0.95462  0.00607  0.19817
   0.94040  0.00841  0.18723
   0.92581  0.01112  0.17335
   0.91082  0.01419  0.15534
   0.89539  0.01763  0.13156
   0.87955  0.02138  0.10035
   0.86341  0.02537  0.06053
   0.84723  0.02944  0.01170
   0.83119  0.03346 -0.04405
   0.81535  0.03730 -0.10279
   0.79961  0.04089 -0.15823
   0.78384  0.04426 -0.20809
   0.76793  0.04743 -0.25245
   0.75181  0.05044 -0.29138
   0.73543  0.05330 -0.32504
   0.71877  0.05604 -0.35443
   0.70185  0.05868 -0.38112
   0.68468  0.06126 -0.40727
   0.66733  0.06380 -0.43496
   0.64986  0.06631 -0.46497
   0.63232  0.06878 -0.49636
   0.61475  0.07121 -0.53041
   0.59716  0.07361 -0.56767
   0.57957  0.07597 -0.60831
   0.56200  0.07830 -0.65261
   0.54450  0.08057 -0.70131
   0.52712  0.08277 -0.75618
   0.50990  0.08488 -0.81645
   0.49289  0.08686 -0.88116
   0.47611  0.08868 -0.94802
   0.45958  0.09032 -1.01753
   0.44329  0.09174 -1.08691
   0.42725  0.09293 -1.15716
   0.41143  0.09386 -1.22372
   0.39579  0.09451 -1.28411
   0.38029  0.09485 -1.33355
   0.36489  0.09490 -1.37137
   0.34951  0.09465 -1.40080
   0.33407  0.09412 -1.42358
   0.31844  0.09331 -1.43829
   0.30249  0.09221 -1.43948
   0.28605  0.09084 -1.43821
   0.26915  0.08925 -1.44190
   0.25199  0.08752 -1.46088
   0.23505  0.08575 -1.52188
   0.21871  0.08393 -1.60292
   0.20300  0.08197 -1.68706
   0.18773  0.07980 -1.75998
   0.17253  0.07731 -1.80564
   0.15713  0.07450 -1.84361
   0.14163  0.07144 -1.89727
   0.12656  0.06829 -2.00415
   0.11252  0.06516 -2.16285
   0.09968  0.06199 -2.32729
   0.08789  0.05873 -2.48020
   0.07692  0.05529 -2.59969
   0.06673  0.05171 -2.71009
   0.05747  0.04812 -2.81646
   0.04930  0.04467 -2.94349
   0.04221  0.04144 -3.11630
   0.03610  0.03842 -3.29703
   0.03080  0.03556 -3.46612
   0.02614  0.03283 -3.62385
   0.02200  0.03020 -3.81878
   0.01830  0.02763 -4.17767
   0.01502  0.02511 -4.41605
   0.01215  0.02262 -4.60419
   0.00966  0.02017 -4.74839
   0.00753  0.01777 -4.82709
   0.00571  0.01543 -4.84779
   0.00418  0.01317 -4.91376
   0.00292  0.01099 -4.91360
   0.00190  0.00890 -4.91696
   0.00111  0.00688 -4.89955
   0.00053  0.00492 -4.73943
   0.00016  0.00301 -4.57047
  -0.00000  0.00113 -4.19091
   0.00005 -0.00075 -3.68262
   0.00032 -0.00262 -2.97584
   0.00080 -0.00453 -2.29251
   0.00151 -0.00647 -1.65050
   0.00244 -0.00845 -1.08616
   0.00361 -0.01050 -0.59745
   0.00504 -0.01260 -0.20901
   0.00675 -0.01474  0.13286
   0.00876 -0.01690  0.39933
   0.01110 -0.01906  0.61103
   0.01381 -0.02120  0.76965
   0.01689 -0.02332  0.87751
   0.02036 -0.02539  0.94680
   0.02422 -0.02744  0.98470
   0.02854 -0.02947  0.99930
   0.03343 -0.03151  0.99679
   0.03906 -0.03360  0.98055
   0.04565 -0.03579  0.95579
   0.05342 -0.03817  0.92202
   0.06252 -0.04076  0.88010
   0.07286 -0.04346  0.83206
   0.08412 -0.04612  0.78086
   0.09611 -0.04862  0.73268
   0.10894 -0.05096  0.68745
   0.12277 -0.05318  0.64584
   0.13768 -0.05532  0.60608
   0.15355 -0.05739  0.56759
   0.17006 -0.05937  0.53066
   0.18687 -0.06126  0.49446
   0.20364 -0.06305  0.45583
   0.22017 -0.06471  0.41624
   0.23643 -0.06616  0.37866
   0.25251 -0.06737  0.34483
   0.26859 -0.06834  0.31938
   0.28487 -0.06909  0.29759
   0.30143 -0.06967  0.27844
   0.31826 -0.07010  0.25948
   0.33524 -0.07041  0.23748
   0.35223 -0.07059  0.21529
   0.36910 -0.07062  0.19295
   0.38580 -0.07049  0.17227
   0.40233 -0.07019  0.15193
   0.41870 -0.06970  0.13389
   0.43495 -0.06902  0.11791
   0.45109 -0.06813  0.10370
   0.46717 -0.06701  0.09526
   0.48320 -0.06566  0.08986
   0.49923 -0.06408  0.08961
   0.51530 -0.06227  0.09171
   0.53148 -0.06024  0.09779
   0.54784 -0.05799  0.10781
   0.56446 -0.05551  0.12140
   0.58139 -0.05285  0.13591
   0.59861 -0.05004  0.14938
   0.61602 -0.04714  0.16587
   0.63346 -0.04423  0.19481
   0.65079 -0.04136  0.20472
   0.66797 -0.03858  0.21327
   0.68503 -0.03590  0.21928
   0.70210 -0.03333  0.22083
   0.71927 -0.03084  0.22054
   0.73659 -0.02840  0.21870
   0.75405 -0.02599  0.21624
   0.77159 -0.02361  0.21369
   0.78910 -0.02123  0.21247
   0.80652 -0.01884  0.21365
   0.82377 -0.01643  0.22131
   0.84080 -0.01405  0.23325
   0.85759 -0.01176  0.24436
   0.87413 -0.00964  0.25255
   0.89043 -0.00771  0.25675
   0.90649 -0.00602  0.25715
   0.92231 -0.00457  0.25042
   0.93789 -0.00335  0.23792
   0.95309 -0.00235  0.21810
   0.96766 -0.00153  0.18948
   0.98110 -0.00086  0.15490
   0.99297 -0.00031  0.08480
   1.00000  0.00000  0.21727
