x z                                             
 Alfa =  14.37500 Re = 19899914.000 Xflap,Yflap =     0.000000    0.000000
#    x        y        Cp  
   1.00000  0.00000  0.11714
   0.97779  0.00280  0.11123
   0.95049  0.00672  0.10253
   0.91312  0.01370  0.09156
   0.86653  0.02459  0.08071
   0.81175  0.03815  0.07562
   0.75000  0.05077 -0.09008
   0.68267  0.06156 -0.26661
   0.61126  0.07169 -0.43903
   0.53737  0.08148 -0.65729
   0.46264  0.09003 -0.97615
   0.38874  0.09470 -1.33463
   0.31733  0.09324 -1.50396
   0.25000  0.08731 -1.55942
   0.18826  0.07988 -1.92959
   0.13347  0.06975 -2.17485
   0.08688  0.05843 -2.87478
   0.04952  0.04477 -3.46590
   0.02221  0.03034 -4.75004
   0.00559  0.01526 -6.79973
   0.00000  0.00000 -6.47698
   0.00559 -0.01332 -0.71052
   0.02221 -0.02641  0.87558
   0.04952 -0.03699  0.98759
   0.08688 -0.04673  0.86500
   0.13347 -0.05474  0.72058
   0.18826 -0.06141  0.59281
   0.25000 -0.06720  0.44402
   0.31733 -0.07008  0.34165
   0.38874 -0.07045  0.23566
   0.46264 -0.06735  0.14395
   0.53737 -0.05945  0.12962
   0.61126 -0.04794  0.17976
   0.68267 -0.03626  0.22030
   0.75000 -0.02655  0.19819
   0.81175 -0.01812  0.17382
   0.86653 -0.01059  0.19591
   0.91312 -0.00538  0.18330
   0.95049 -0.00251  0.11095
   0.97779 -0.00102 -0.05582
   1.00000  0.00000  0.11714
