x z                                             
 Alfa =  12.75000 Re = 19899914.000 Xflap,Yflap =     0.000000    0.000000
#    x        y        Cp  
   1.00000  0.00000  0.15475
   0.97779  0.00280  0.14911
   0.95049  0.00672  0.14062
   0.91312  0.01370  0.13094
   0.86653  0.02459  0.13571
   0.81175  0.03815  0.02224
   0.75000  0.05077 -0.18015
   0.68267  0.06156 -0.32644
   0.61126  0.07169 -0.47446
   0.53737  0.08148 -0.67449
   0.46264  0.09003 -0.97531
   0.38874  0.09470 -1.31034
   0.31733  0.09324 -1.45343
   0.25000  0.08731 -1.48391
   0.18826  0.07988 -1.81613
   0.13347  0.06975 -2.01823
   0.08688  0.05843 -2.63732
   0.04952  0.04477 -3.12380
   0.02221  0.03034 -4.19526
   0.00559  0.01526 -5.81981
   0.00000  0.00000 -5.13495
   0.00559 -0.01332 -0.22233
   0.02221 -0.02641  0.95480
   0.04952 -0.03699  0.95664
   0.08688 -0.04673  0.80313
   0.13347 -0.05474  0.65325
   0.18826 -0.06141  0.52764
   0.25000 -0.06720  0.37989
   0.31733 -0.07008  0.28461
   0.38874 -0.07045  0.18500
   0.46264 -0.06735  0.10099
   0.53737 -0.05945  0.09742
   0.61126 -0.04794  0.15827
   0.68267 -0.03626  0.20823
   0.75000 -0.02655  0.19342
   0.81175 -0.01812  0.17744
   0.86653 -0.01059  0.20758
   0.91312 -0.00538  0.20529
   0.95049 -0.00251  0.14804
   0.97779 -0.00102  0.01384
   1.00000  0.00000  0.15475
