x z                                             
 Alfa =   6.50000 Re = 19899914.000 Xflap,Yflap =     0.000000    0.000000
#    x        y        Cp  
   1.00000  0.00000  0.27625
   0.97779  0.00280  0.24117
   0.95049  0.00672  0.21394
   0.91312  0.01370  0.16030
   0.86653  0.02459  0.04401
   0.81175  0.03815 -0.15878
   0.75000  0.05077 -0.30366
   0.68267  0.06156 -0.37318
   0.61126  0.07169 -0.46379
   0.53737  0.08148 -0.60884
   0.46264  0.09003 -0.84133
   0.38874  0.09470 -1.08456
   0.31733  0.09324 -1.13577
   0.25000  0.08731 -1.08180
   0.18826  0.07988 -1.26520
   0.13347  0.06975 -1.30909
   0.08688  0.05843 -1.61546
   0.04952  0.04477 -1.72700
   0.02221  0.03034 -2.04850
   0.00559  0.01526 -2.27615
   0.00000  0.00000 -0.83194
   0.00559 -0.01332  0.94631
   0.02221 -0.02641  0.85016
   0.04952 -0.03699  0.61398
   0.08688 -0.04673  0.41195
   0.13347 -0.05474  0.28676
   0.18826 -0.06141  0.19829
   0.25000 -0.06720  0.06791
   0.31733 -0.07008  0.01397
   0.38874 -0.07045 -0.05285
   0.46264 -0.06735 -0.10129
   0.53737 -0.05945 -0.05902
   0.61126 -0.04794  0.05686
   0.68267 -0.03626  0.13479
   0.75000 -0.02655  0.14840
   0.81175 -0.01812  0.16330
   0.86653 -0.01059  0.22432
   0.91312 -0.00538  0.25529
   0.95049 -0.00251  0.24635
   0.97779 -0.00102  0.21688
   1.00000  0.00000  0.27625
