x z                                             
 Alfa =  23.75000 Re = 19899914.000 Xflap,Yflap =     0.000000    0.000000
#    x        y        Cp  
   1.00000  0.00000 -0.14934
   0.97779  0.00280 -0.15484
   0.95049  0.00672 -0.16248
   0.91312  0.01370 -0.17343
   0.86653  0.02459 -0.18803
   0.81175  0.03815 -0.20705
   0.75000  0.05077 -0.23209
   0.68267  0.06156 -0.26454
   0.61126  0.07169 -0.30433
   0.53737  0.08148 -0.34864
   0.46264  0.09003 -0.39125
   0.38874  0.09470 -0.48622
   0.31733  0.09324 -1.04425
   0.25000  0.08731 -1.38893
   0.18826  0.07988 -1.97244
   0.13347  0.06975 -2.47249
   0.08688  0.05843 -3.54750
   0.04952  0.04477 -4.67265
   0.02221  0.03034 -7.00650
   0.00559  0.01526-11.29127
   0.00000  0.00000-13.47257
   0.00559 -0.01332 -3.76962
   0.02221 -0.02641  0.04984
   0.04952 -0.03699  0.89282
   0.08688 -0.04673  0.99970
   0.13347 -0.05474  0.93771
   0.18826 -0.06141  0.83247
   0.25000 -0.06720  0.69639
   0.31733 -0.07008  0.57456
   0.38874 -0.07045  0.44553
   0.46264 -0.06735  0.32129
   0.53737 -0.05945  0.25780
   0.61126 -0.04794  0.25822
   0.68267 -0.03626  0.25183
   0.75000 -0.02655  0.19382
   0.81175 -0.01812  0.12824
   0.86653 -0.01059  0.10869
   0.91312 -0.00538  0.04957
   0.95049 -0.00251 -0.09049
   0.97779 -0.00102 -0.39335
   1.00000  0.00000 -0.14934
