x z                                             
 Alfa =  25.12500 Re = 19899914.000 Xflap,Yflap =     0.000000    0.000000
#    x        y        Cp  
   1.00000  0.00000 -0.16377
   0.97779  0.00280 -0.16902
   0.95049  0.00672 -0.17626
   0.91312  0.01370 -0.18662
   0.86653  0.02459 -0.20036
   0.81175  0.03815 -0.21813
   0.75000  0.05077 -0.24129
   0.68267  0.06156 -0.27099
   0.61126  0.07169 -0.30705
   0.53737  0.08148 -0.34703
   0.46264  0.09003 -0.38583
   0.38874  0.09470 -0.43597
   0.31733  0.09324 -0.98389
   0.25000  0.08731 -1.37832
   0.18826  0.07988 -2.00003
   0.13347  0.06975 -2.54596
   0.08688  0.05843 -3.69160
   0.04952  0.04477 -4.92087
   0.02221  0.03034 -7.46787
   0.00559  0.01526-12.22412
   0.00000  0.00000-14.99192
   0.00559 -0.01332 -4.49089
   0.02221 -0.02641 -0.18540
   0.04952 -0.03699  0.83306
   0.08688 -0.04673  0.99765
   0.13347 -0.05474  0.96160
   0.18826 -0.06141  0.86732
   0.25000 -0.06720  0.73875
   0.31733 -0.07008  0.61794
   0.38874 -0.07045  0.48922
   0.46264 -0.06735  0.36322
   0.53737 -0.05945  0.29448
   0.61126 -0.04794  0.28764
   0.68267 -0.03626  0.27579
   0.75000 -0.02655  0.21429
   0.81175 -0.01812  0.14532
   0.86653 -0.01059  0.12190
   0.91312 -0.00538  0.05993
   0.95049 -0.00251 -0.08231
   0.97779 -0.00102 -0.38406
   1.00000  0.00000 -0.16377
