x z                                             
 Alfa =  24.00000 Re = 19899914.000 Xflap,Yflap =     0.000000    0.000000
#    x        y        Cp  
   1.00000  0.00000 -0.15192
   0.97779  0.00280 -0.15738
   0.95049  0.00672 -0.16494
   0.91312  0.01370 -0.17579
   0.86653  0.02459 -0.19023
   0.81175  0.03815 -0.20902
   0.75000  0.05077 -0.23372
   0.68267  0.06156 -0.26564
   0.61126  0.07169 -0.30469
   0.53737  0.08148 -0.34808
   0.46264  0.09003 -0.38978
   0.38874  0.09470 -0.47627
   0.31733  0.09324 -1.03606
   0.25000  0.08731 -1.38863
   0.18826  0.07988 -1.97917
   0.13347  0.06975 -2.48759
   0.08688  0.05843 -3.57522
   0.04952  0.04477 -4.71962
   0.02221  0.03034 -7.09375
   0.00559  0.01526-11.46511
   0.00000  0.00000-13.74540
   0.00559 -0.01332 -3.90071
   0.02221 -0.02641  0.00835
   0.04952 -0.03699  0.88272
   0.08688 -0.04673  0.99997
   0.13347 -0.05474  0.94253
   0.18826 -0.06141  0.83927
   0.25000 -0.06720  0.70434
   0.31733 -0.07008  0.58280
   0.38874 -0.07045  0.45363
   0.46264 -0.06735  0.32906
   0.53737 -0.05945  0.26462
   0.61126 -0.04794  0.26368
   0.68267 -0.03626  0.25626
   0.75000 -0.02655  0.19761
   0.81175 -0.01812  0.13140
   0.86653 -0.01059  0.11113
   0.91312 -0.00538  0.05152
   0.95049 -0.00251 -0.08893
   0.97779 -0.00102 -0.39154
   1.00000  0.00000 -0.15192
