x z                                             
 Alfa = -28.00000 Re = 19899914.000 Xflap,Yflap =     0.000000    0.000000
#    x        y        Cp  
   1.00000  0.00000 -0.29543
   0.97779  0.00280 -0.55771
   0.95049  0.00672 -0.21488
   0.91312  0.01370 -0.10579
   0.86653  0.02459 -0.10787
   0.81175  0.03815 -0.15862
   0.75000  0.05077 -0.09133
   0.68267  0.06156  0.03420
   0.61126  0.07169  0.13137
   0.53737  0.08148  0.20320
   0.46264  0.09003  0.25887
   0.38874  0.09470  0.35222
   0.31733  0.09324  0.52528
   0.25000  0.08731  0.70178
   0.18826  0.07988  0.83269
   0.13347  0.06975  0.95327
   0.08688  0.05843  0.99851
   0.04952  0.04477  0.82578
   0.02221  0.03034 -0.06176
   0.00559  0.01526 -3.64838
   0.00000  0.00000-14.03129
   0.00559 -0.01332-11.83934
   0.02221 -0.02641 -6.78575
   0.04952 -0.03699 -3.43072
   0.08688 -0.04673 -1.95865
   0.13347 -0.05474 -0.97995
   0.18826 -0.06141 -0.80117
   0.25000 -0.06720 -0.66481
   0.31733 -0.07008 -0.56792
   0.38874 -0.07045 -0.50050
   0.46264 -0.06735 -0.45220
   0.53737 -0.05945 -0.41667
   0.61126 -0.04794 -0.38935
   0.68267 -0.03626 -0.36729
   0.75000 -0.02655 -0.34905
   0.81175 -0.01812 -0.33405
   0.86653 -0.01059 -0.32189
   0.91312 -0.00538 -0.31214
   0.95049 -0.00251 -0.30463
   0.97779 -0.00102 -0.29933
   1.00000  0.00000 -0.29543
