x z                                             
 Alfa =   2.00000 Re = 19899914.000 Xflap,Yflap =     0.000000    0.000000
#    x        y        Cp  
   1.00000  0.00000  0.29512
   0.97779  0.00280  0.24547
   0.95049  0.00672  0.22388
   0.91312  0.01370  0.17102
   0.86653  0.02459  0.05124
   0.81175  0.03815 -0.14326
   0.75000  0.05077 -0.25760
   0.68267  0.06156 -0.29557
   0.61126  0.07169 -0.35542
   0.53737  0.08148 -0.46323
   0.46264  0.09003 -0.64322
   0.38874  0.09470 -0.81766
   0.31733  0.09324 -0.80868
   0.25000  0.08731 -0.70191
   0.18826  0.07988 -0.77979
   0.13347  0.06975 -0.72795
   0.08688  0.05843 -0.83076
   0.04952  0.04477 -0.72655
   0.02221  0.03034 -0.64556
   0.00559  0.01526 -0.25574
   0.00000  0.00000  0.83922
   0.00559 -0.01332  0.74705
   0.02221 -0.02641  0.21095
   0.04952 -0.03699  0.07044
   0.08688 -0.04673 -0.07249
   0.13347 -0.05474 -0.11587
   0.18826 -0.06141 -0.14286
   0.25000 -0.06720 -0.24190
   0.31733 -0.07008 -0.24991
   0.38874 -0.07045 -0.28315
   0.46264 -0.06735 -0.29976
   0.53737 -0.05945 -0.21104
   0.61126 -0.04794 -0.06041
   0.68267 -0.03626  0.04574
   0.75000 -0.02655  0.07890
   0.81175 -0.01812  0.11129
   0.86653 -0.01059  0.18919
   0.91312 -0.00538  0.23421
   0.95049 -0.00251  0.24047
   0.97779 -0.00102  0.23451
   1.00000  0.00000  0.29512
