x z                                             
 Alfa = -13.50000 Re = 19899914.000 Xflap,Yflap =     0.000000    0.000000
#    x        y        Cp  
   1.00000  0.00000  0.24792
   0.99304  0.00085  0.12113
   0.98139  0.00233  0.18153
   0.96842  0.00406  0.21336
   0.95462  0.00607  0.23839
   0.94040  0.00841  0.24912
   0.92581  0.01112  0.24811
   0.91082  0.01419  0.23915
   0.89539  0.01763  0.22240
   0.87955  0.02138  0.20032
   0.86341  0.02537  0.17315
   0.84723  0.02944  0.14104
   0.83119  0.03346  0.08784
   0.81535  0.03730  0.06348
   0.79961  0.04089  0.04862
   0.78384  0.04426  0.03944
   0.76793  0.04743  0.03582
   0.75181  0.05044  0.03639
   0.73543  0.05330  0.04158
   0.71877  0.05604  0.05022
   0.70185  0.05868  0.06003
   0.68468  0.06126  0.07001
   0.66733  0.06380  0.07770
   0.64986  0.06631  0.08458
   0.63232  0.06878  0.08994
   0.61475  0.07121  0.09469
   0.59716  0.07361  0.09771
   0.57957  0.07597  0.09957
   0.56200  0.07830  0.10011
   0.54450  0.08057  0.09976
   0.52712  0.08277  0.09693
   0.50990  0.08488  0.09274
   0.49289  0.08686  0.08860
   0.47611  0.08868  0.08471
   0.45958  0.09032  0.08232
   0.44329  0.09174  0.08121
   0.42725  0.09293  0.08286
   0.41143  0.09386  0.08751
   0.39579  0.09451  0.09702
   0.38029  0.09485  0.11326
   0.36489  0.09490  0.13537
   0.34951  0.09465  0.16218
   0.33407  0.09412  0.19260
   0.31844  0.09331  0.22762
   0.30249  0.09221  0.26754
   0.28605  0.09084  0.31197
   0.26915  0.08925  0.35461
   0.25199  0.08752  0.39563
   0.23505  0.08575  0.42737
   0.21871  0.08393  0.45633
   0.20300  0.08197  0.48834
   0.18773  0.07980  0.52474
   0.17253  0.07731  0.57115
   0.15713  0.07450  0.62131
   0.14163  0.07144  0.67237
   0.12656  0.06829  0.72051
   0.11252  0.06516  0.76458
   0.09968  0.06199  0.81041
   0.08789  0.05873  0.85673
   0.07692  0.05529  0.90322
   0.06673  0.05171  0.94369
   0.05747  0.04812  0.97574
   0.04930  0.04467  0.99509
   0.04221  0.04144  0.99964
   0.03610  0.03842  0.98734
   0.03080  0.03556  0.95526
   0.02614  0.03283  0.89933
   0.02200  0.03020  0.81559
   0.01830  0.02763  0.68835
   0.01502  0.02511  0.50884
   0.01215  0.02262  0.27821
   0.00966  0.02017 -0.01866
   0.00753  0.01777 -0.37250
   0.00571  0.01543 -0.80021
   0.00418  0.01317 -1.29499
   0.00292  0.01099 -1.92670
   0.00190  0.00890 -2.62384
   0.00111  0.00688 -3.45140
   0.00053  0.00492 -4.37419
   0.00016  0.00301 -5.28668
  -0.00000  0.00113 -6.23629
   0.00005 -0.00075 -6.99453
   0.00032 -0.00262 -7.35280
   0.00080 -0.00453 -7.56762
   0.00151 -0.00647 -7.66047
   0.00244 -0.00845 -7.64224
   0.00361 -0.01050 -7.55353
   0.00504 -0.01260 -7.49299
   0.00675 -0.01474 -7.35996
   0.00876 -0.01690 -7.21944
   0.01110 -0.01906 -6.96106
   0.01381 -0.02120 -6.68822
   0.01689 -0.02332 -6.07863
   0.02036 -0.02539 -5.62604
   0.02422 -0.02744 -5.21339
   0.02854 -0.02947 -4.82665
   0.03343 -0.03151 -4.42633
   0.03906 -0.03360 -4.01789
   0.04565 -0.03579 -3.60850
   0.05342 -0.03817 -3.27258
   0.06252 -0.04076 -3.03425
   0.07286 -0.04346 -2.83354
   0.08412 -0.04612 -2.65522
   0.09611 -0.04862 -2.47384
   0.10894 -0.05096 -2.28947
   0.12277 -0.05318 -2.11023
   0.13768 -0.05532 -1.94798
   0.15355 -0.05739 -1.81017
   0.17006 -0.05937 -1.69504
   0.18687 -0.06126 -1.60330
   0.20364 -0.06305 -1.54818
   0.22017 -0.06471 -1.51112
   0.23643 -0.06616 -1.47892
   0.25251 -0.06737 -1.43999
   0.26859 -0.06834 -1.38457
   0.28487 -0.06909 -1.32481
   0.30143 -0.06967 -1.26508
   0.31826 -0.07010 -1.21099
   0.33524 -0.07041 -1.16921
   0.35223 -0.07059 -1.13348
   0.36910 -0.07062 -1.10071
   0.38580 -0.07049 -1.07049
   0.40233 -0.07019 -1.04009
   0.41870 -0.06970 -1.00931
   0.43495 -0.06902 -0.97619
   0.45109 -0.06813 -0.94016
   0.46717 -0.06701 -0.89838
   0.48320 -0.06566 -0.84928
   0.49923 -0.06408 -0.79771
   0.51530 -0.06227 -0.74095
   0.53148 -0.06024 -0.68187
   0.54784 -0.05799 -0.61823
   0.56446 -0.05551 -0.55226
   0.58139 -0.05285 -0.48673
   0.59861 -0.05004 -0.42286
   0.61602 -0.04714 -0.36339
   0.63346 -0.04423 -0.30926
   0.65079 -0.04136 -0.26075
   0.66797 -0.03858 -0.21783
   0.68503 -0.03590 -0.18058
   0.70210 -0.03333 -0.14863
   0.71927 -0.03084 -0.11961
   0.73659 -0.02840 -0.09217
   0.75405 -0.02599 -0.06542
   0.77159 -0.02361 -0.03842
   0.78910 -0.02123 -0.01088
   0.80652 -0.01884  0.01801
   0.82377 -0.01643  0.04818
   0.84080 -0.01405  0.07765
   0.85759 -0.01176  0.10461
   0.87413 -0.00964  0.12830
   0.89043 -0.00771  0.14872
   0.90649 -0.00602  0.16651
   0.92231 -0.00457  0.18193
   0.93789 -0.00335  0.19555
   0.95309 -0.00235  0.20799
   0.96766 -0.00153  0.21949
   0.98110 -0.00086  0.23015
   0.99297 -0.00031  0.24002
   1.00000  0.00000  0.24792
