x z                                             
 Alfa =  16.62500 Re = 19899914.000 Xflap,Yflap =     0.000000    0.000000
#    x        y        Cp  
   1.00000  0.00000  0.05271
   0.99304  0.00085  0.05090
   0.98139  0.00233  0.04696
   0.96842  0.00406  0.04248
   0.95462  0.00607  0.03775
   0.94040  0.00841  0.03298
   0.92581  0.01112  0.02823
   0.91082  0.01419  0.02350
   0.89539  0.01763  0.01882
   0.87955  0.02138  0.01423
   0.86341  0.02537  0.00980
   0.84723  0.02944  0.00574
   0.83119  0.03346  0.00234
   0.81535  0.03730  0.00049
   0.79961  0.04089  0.00393
   0.78384  0.04426  0.00998
   0.76793  0.04743 -0.00971
   0.75181  0.05044 -0.04007
   0.73543  0.05330 -0.07832
   0.71877  0.05604 -0.12141
   0.70185  0.05868 -0.16714
   0.68468  0.06126 -0.21405
   0.66733  0.06380 -0.26182
   0.64986  0.06631 -0.31076
   0.63232  0.06878 -0.36023
   0.61475  0.07121 -0.41086
   0.59716  0.07361 -0.46375
   0.57957  0.07597 -0.51902
   0.56200  0.07830 -0.57739
   0.54450  0.08057 -0.63985
   0.52712  0.08277 -0.70741
   0.50990  0.08488 -0.78079
   0.49289  0.08686 -0.85918
   0.47611  0.08868 -0.93984
   0.45958  0.09032 -1.02428
   0.44329  0.09174 -1.10866
   0.42725  0.09293 -1.19620
   0.41143  0.09386 -1.27908
   0.39579  0.09451 -1.35668
   0.38029  0.09485 -1.42493
   0.36489  0.09490 -1.48160
   0.34951  0.09465 -1.53044
   0.33407  0.09412 -1.57236
   0.31844  0.09331 -1.60536
   0.30249  0.09221 -1.62792
   0.28605  0.09084 -1.64712
   0.26915  0.08925 -1.67269
   0.25199  0.08752 -1.71533
   0.23505  0.08575 -1.80397
   0.21871  0.08393 -1.91779
   0.20300  0.08197 -2.03391
   0.18773  0.07980 -2.14475
   0.17253  0.07731 -2.22648
   0.15713  0.07450 -2.30750
   0.14163  0.07144 -2.40138
   0.12656  0.06829 -2.57099
   0.11252  0.06516 -2.79735
   0.09968  0.06199 -3.04668
   0.08789  0.05873 -3.28241
   0.07692  0.05529 -3.49300
   0.06673  0.05171 -3.68840
   0.05747  0.04812 -3.90388
   0.04930  0.04467 -4.13323
   0.04221  0.04144 -4.44922
   0.03610  0.03842 -4.75789
   0.03080  0.03556 -5.08828
   0.02614  0.03283 -5.41879
   0.02200  0.03020 -5.79411
   0.01830  0.02763 -6.27614
   0.01502  0.02511 -6.73983
   0.01215  0.02262 -7.15542
   0.00966  0.02017 -7.66839
   0.00753  0.01777 -7.92631
   0.00571  0.01543 -8.12846
   0.00418  0.01317 -8.38724
   0.00292  0.01099 -8.62065
   0.00190  0.00890 -8.83461
   0.00111  0.00688 -9.04767
   0.00053  0.00492 -8.98338
   0.00016  0.00301 -9.05227
  -0.00000  0.00113 -8.54669
   0.00005 -0.00075 -7.96566
   0.00032 -0.00262 -6.86166
   0.00080 -0.00453 -5.77087
   0.00151 -0.00647 -4.72036
   0.00244 -0.00845 -3.77024
   0.00361 -0.01050 -2.91726
   0.00504 -0.01260 -2.13977
   0.00675 -0.01474 -1.52298
   0.00876 -0.01690 -0.94765
   0.01110 -0.01906 -0.47437
   0.01381 -0.02120 -0.08195
   0.01689 -0.02332  0.23676
   0.02036 -0.02539  0.48240
   0.02422 -0.02744  0.66245
   0.02854 -0.02947  0.79360
   0.03343 -0.03151  0.88225
   0.03906 -0.03360  0.94567
   0.04565 -0.03579  0.98253
   0.05342 -0.03817  0.99854
   0.06252 -0.04076  0.99772
   0.07286 -0.04346  0.98219
   0.08412 -0.04612  0.95746
   0.09611 -0.04862  0.92502
   0.10894 -0.05096  0.89008
   0.12277 -0.05318  0.85442
   0.13768 -0.05532  0.81596
   0.15355 -0.05739  0.77814
   0.17006 -0.05937  0.74096
   0.18687 -0.06126  0.70242
   0.20364 -0.06305  0.66451
   0.22017 -0.06471  0.62511
   0.23643 -0.06616  0.58647
   0.25251 -0.06737  0.55097
   0.26859 -0.06834  0.52200
   0.28487 -0.06909  0.49466
   0.30143 -0.06967  0.46939
   0.31826 -0.07010  0.44516
   0.33524 -0.07041  0.41819
   0.35223 -0.07059  0.39093
   0.36910 -0.07062  0.36501
   0.38580 -0.07049  0.33893
   0.40233 -0.07019  0.31413
   0.41870 -0.06970  0.29076
   0.43495 -0.06902  0.26951
   0.45109 -0.06813  0.24957
   0.46717 -0.06701  0.23417
   0.48320 -0.06566  0.22319
   0.49923 -0.06408  0.21382
   0.51530 -0.06227  0.21032
   0.53148 -0.06024  0.20739
   0.54784 -0.05799  0.20987
   0.56446 -0.05551  0.21543
   0.58139 -0.05285  0.22308
   0.59861 -0.05004  0.23161
   0.61602 -0.04714  0.24002
   0.63346 -0.04423  0.24731
   0.65079 -0.04136  0.25320
   0.66797 -0.03858  0.25747
   0.68503 -0.03590  0.25857
   0.70210 -0.03333  0.25373
   0.71927 -0.03084  0.25490
   0.73659 -0.02840  0.24743
   0.75405 -0.02599  0.23673
   0.77159 -0.02361  0.22568
   0.78910 -0.02123  0.21648
   0.80652 -0.01884  0.20927
   0.82377 -0.01643  0.20848
   0.84080 -0.01405  0.21216
   0.85759 -0.01176  0.21443
   0.87413 -0.00964  0.21304
   0.89043 -0.00771  0.20659
   0.90649 -0.00602  0.19451
   0.92231 -0.00457  0.17221
   0.93789 -0.00335  0.14003
   0.95309 -0.00235  0.09319
   0.96766 -0.00153  0.02490
   0.98110 -0.00086 -0.06651
   0.99297 -0.00031 -0.29598
   1.00000  0.00000  0.05271
