x z                                             
 Alfa =  20.87500 Re = 19899914.000 Xflap,Yflap =     0.000000    0.000000
#    x        y        Cp  
   1.00000  0.00000 -0.04575
   0.97779  0.00280 -0.05203
   0.95049  0.00672 -0.06097
   0.91312  0.01370 -0.07364
   0.86653  0.02459 -0.09012
   0.81175  0.03815 -0.11088
   0.75000  0.05077 -0.13712
   0.68267  0.06156 -0.16881
   0.61126  0.07169 -0.20311
   0.53737  0.08148 -0.23359
   0.46264  0.09003 -0.61804
   0.38874  0.09470 -1.13481
   0.31733  0.09324 -1.45946
   0.25000  0.08731 -1.64780
   0.18826  0.07988 -2.16230
   0.13347  0.06975 -2.58255
   0.08688  0.05843 -3.57827
   0.04952  0.04477 -4.57605
   0.02221  0.03034 -6.68460
   0.00559  0.01526-10.45997
   0.00000  0.00000-11.94798
   0.00559 -0.01332 -3.00585
   0.02221 -0.02641  0.29601
   0.04952 -0.03699  0.94760
   0.08688 -0.04673  0.99048
   0.13347 -0.05474  0.90120
   0.18826 -0.06141  0.78609
   0.25000 -0.06720  0.64454
   0.31733 -0.07008  0.52562
   0.38874 -0.07045  0.40162
   0.46264 -0.06735  0.28525
   0.53737 -0.05945  0.23382
   0.61126 -0.04794  0.24668
   0.68267 -0.03626  0.25087
   0.75000 -0.02655  0.20328
   0.81175 -0.01812  0.14887
   0.86653 -0.01059  0.13890
   0.91312 -0.00538  0.09012
   0.95049 -0.00251 -0.03605
   0.97779 -0.00102 -0.32279
   1.00000  0.00000 -0.04575
