x z                                             
 Alfa =  -7.00000 Re = 19899914.000 Xflap,Yflap =     0.000000    0.000000
#    x        y        Cp  
   1.00000  0.00000  0.29007
   0.97779  0.00280  0.23781
   0.95049  0.00672  0.25093
   0.91312  0.01370  0.21954
   0.86653  0.02459  0.12152
   0.81175  0.03815 -0.03266
   0.75000  0.05077 -0.09353
   0.68267  0.06156 -0.08293
   0.61126  0.07169 -0.08844
   0.53737  0.08148 -0.12538
   0.46264  0.09003 -0.20992
   0.38874  0.09470 -0.26129
   0.31733  0.09324 -0.16447
   0.25000  0.08731 -0.00311
   0.18826  0.07988  0.06721
   0.13347  0.06975  0.23482
   0.08688  0.05843  0.37620
   0.04952  0.04477  0.63696
   0.02221  0.03034  0.90366
   0.00559  0.01526  0.91127
   0.00000  0.00000 -1.36805
   0.00559 -0.01332 -2.92895
   0.02221 -0.02641 -2.54068
   0.04952 -0.03699 -1.68928
   0.08688 -0.04673 -1.43314
   0.13347 -0.05474 -1.15081
   0.18826 -0.06141 -0.96548
   0.25000 -0.06720 -0.95053
   0.31733 -0.07008 -0.82686
   0.38874 -0.07045 -0.76704
   0.46264 -0.06735 -0.69621
   0.53737 -0.05945 -0.51522
   0.61126 -0.04794 -0.28238
   0.68267 -0.03626 -0.12129
   0.75000 -0.02655 -0.04459
   0.81175 -0.01812  0.02691
   0.86653 -0.01059  0.12552
   0.91312 -0.00538  0.18760
   0.95049 -0.00251  0.21935
   0.97779 -0.00102  0.24344
   1.00000  0.00000  0.29007
