x z                                             
 Alfa =  12.37500 Re = 19899914.000 Xflap,Yflap =     0.000000    0.000000
#    x        y        Cp  
   1.00000  0.00000  0.17647
   0.99304  0.00085  0.17628
   0.98139  0.00233  0.17380
   0.96842  0.00406  0.17125
   0.95462  0.00607  0.16965
   0.94040  0.00841  0.17128
   0.92581  0.01112  0.17037
   0.91082  0.01419  0.16062
   0.89539  0.01763  0.14549
   0.87955  0.02138  0.12297
   0.86341  0.02537  0.09129
   0.84723  0.02944  0.04946
   0.83119  0.03346 -0.00124
   0.81535  0.03730 -0.05754
   0.79961  0.04089 -0.11349
   0.78384  0.04426 -0.16587
   0.76793  0.04743 -0.21380
   0.75181  0.05044 -0.25678
   0.73543  0.05330 -0.29450
   0.71877  0.05604 -0.32785
   0.70185  0.05868 -0.35833
   0.68468  0.06126 -0.38791
   0.66733  0.06380 -0.41866
   0.64986  0.06631 -0.45135
   0.63232  0.06878 -0.48538
   0.61475  0.07121 -0.52181
   0.59716  0.07361 -0.56140
   0.57957  0.07597 -0.60452
   0.56200  0.07830 -0.65120
   0.54450  0.08057 -0.70224
   0.52712  0.08277 -0.75905
   0.50990  0.08488 -0.82247
   0.49289  0.08686 -0.88877
   0.47611  0.08868 -0.95899
   0.45958  0.09032 -1.03119
   0.44329  0.09174 -1.10428
   0.42725  0.09293 -1.17755
   0.41143  0.09386 -1.24667
   0.39579  0.09451 -1.31119
   0.38029  0.09485 -1.36484
   0.36489  0.09490 -1.40557
   0.34951  0.09465 -1.43907
   0.33407  0.09412 -1.46593
   0.31844  0.09331 -1.48381
   0.30249  0.09221 -1.48797
   0.28605  0.09084 -1.49191
   0.26915  0.08925 -1.49900
   0.25199  0.08752 -1.52358
   0.23505  0.08575 -1.58936
   0.21871  0.08393 -1.67844
   0.20300  0.08197 -1.76778
   0.18773  0.07980 -1.84951
   0.17253  0.07731 -1.90172
   0.15713  0.07450 -1.94791
   0.14163  0.07144 -2.01100
   0.12656  0.06829 -2.12861
   0.11252  0.06516 -2.30409
   0.09968  0.06199 -2.48705
   0.08789  0.05873 -2.65347
   0.07692  0.05529 -2.79279
   0.06673  0.05171 -2.92107
   0.05747  0.04812 -3.04708
   0.04930  0.04467 -3.19930
   0.04221  0.04144 -3.39502
   0.03610  0.03842 -3.60735
   0.03080  0.03556 -3.79748
   0.02614  0.03283 -4.00924
   0.02200  0.03020 -4.21674
   0.01830  0.02763 -4.54827
   0.01502  0.02511 -4.95348
   0.01215  0.02262 -5.14432
   0.00966  0.02017 -5.32230
   0.00753  0.01777 -5.45449
   0.00571  0.01543 -5.49907
   0.00418  0.01317 -5.59339
   0.00292  0.01099 -5.68323
   0.00190  0.00890 -5.68063
   0.00111  0.00688 -5.69826
   0.00053  0.00492 -5.56720
   0.00016  0.00301 -5.45952
  -0.00000  0.00113 -5.00952
   0.00005 -0.00075 -4.51488
   0.00032 -0.00262 -3.68345
   0.00080 -0.00453 -2.94823
   0.00151 -0.00647 -2.22951
   0.00244 -0.00845 -1.57743
   0.00361 -0.01050 -1.00845
   0.00504 -0.01260 -0.54737
   0.00675 -0.01474 -0.14881
   0.00876 -0.01690  0.16682
   0.01110 -0.01906  0.43875
   0.01381 -0.02120  0.63693
   0.01689 -0.02332  0.78590
   0.02036 -0.02539  0.88795
   0.02422 -0.02744  0.95084
   0.02854 -0.02947  0.98578
   0.03343 -0.03151  0.99920
   0.03906 -0.03360  0.99658
   0.04565 -0.03579  0.98130
   0.05342 -0.03817  0.95530
   0.06252 -0.04076  0.92045
   0.07286 -0.04346  0.87671
   0.08412 -0.04612  0.83002
   0.09611 -0.04862  0.78429
   0.10894 -0.05096  0.73904
   0.12277 -0.05318  0.69774
   0.13768 -0.05532  0.65791
   0.15355 -0.05739  0.61775
   0.17006 -0.05937  0.58078
   0.18687 -0.06126  0.54331
   0.20364 -0.06305  0.50411
   0.22017 -0.06471  0.46414
   0.23643 -0.06616  0.42668
   0.25251 -0.06737  0.39122
   0.26859 -0.06834  0.36527
   0.28487 -0.06909  0.34200
   0.30143 -0.06967  0.32136
   0.31826 -0.07010  0.30063
   0.33524 -0.07041  0.27754
   0.35223 -0.07059  0.25388
   0.36910 -0.07062  0.23151
   0.38580 -0.07049  0.20849
   0.40233 -0.07019  0.18801
   0.41870 -0.06970  0.16814
   0.43495 -0.06902  0.15041
   0.45109 -0.06813  0.13585
   0.46717 -0.06701  0.12493
   0.48320 -0.06566  0.11884
   0.49923 -0.06408  0.11641
   0.51530 -0.06227  0.11718
   0.53148 -0.06024  0.12149
   0.54784 -0.05799  0.12978
   0.56446 -0.05551  0.14141
   0.58139 -0.05285  0.15485
   0.59861 -0.05004  0.16821
   0.61602 -0.04714  0.17900
   0.63346 -0.04423  0.20310
   0.65079 -0.04136  0.21727
   0.66797 -0.03858  0.22456
   0.68503 -0.03590  0.22868
   0.70210 -0.03333  0.22876
   0.71927 -0.03084  0.22673
   0.73659 -0.02840  0.22376
   0.75405 -0.02599  0.21968
   0.77159 -0.02361  0.21559
   0.78910 -0.02123  0.21276
   0.80652 -0.01884  0.21224
   0.82377 -0.01643  0.21805
   0.84080 -0.01405  0.22817
   0.85759 -0.01176  0.23734
   0.87413 -0.00964  0.24344
   0.89043 -0.00771  0.24525
   0.90649 -0.00602  0.24280
   0.92231 -0.00457  0.23249
   0.93789 -0.00335  0.21538
   0.95309 -0.00235  0.18906
   0.96766 -0.00153  0.15058
   0.98110 -0.00086  0.10121
   0.99297 -0.00031 -0.01038
   1.00000  0.00000  0.17647
