x z                                             
 Alfa =  29.62500 Re = 19899914.000 Xflap,Yflap =     0.000000    0.000000
#    x        y        Cp  
   1.00000  0.00000 -0.49246
   0.99304  0.00085 -0.49372
   0.98139  0.00233 -0.49596
   0.96842  0.00406 -0.49848
   0.95462  0.00607 -0.50120
   0.94040  0.00841 -0.50403
   0.92581  0.01112 -0.50696
   0.91082  0.01419 -0.51000
   0.89539  0.01763 -0.51317
   0.87955  0.02138 -0.51647
   0.86341  0.02537 -0.51989
   0.84723  0.02944 -0.52337
   0.83119  0.03346 -0.52690
   0.81535  0.03730 -0.53045
   0.79961  0.04089 -0.53407
   0.78384  0.04426 -0.53780
   0.76793  0.04743 -0.54166
   0.75181  0.05044 -0.54569
   0.73543  0.05330 -0.54991
   0.71877  0.05604 -0.55434
   0.70185  0.05868 -0.55898
   0.68468  0.06126 -0.56385
   0.66733  0.06380 -0.56894
   0.64986  0.06631 -0.57425
   0.63232  0.06878 -0.57977
   0.61475  0.07121 -0.58551
   0.59716  0.07361 -0.59148
   0.57957  0.07597 -0.59770
   0.56200  0.07830 -0.60417
   0.54450  0.08057 -0.61092
   0.52712  0.08277 -0.61793
   0.50990  0.08488 -0.62522
   0.49289  0.08686 -0.63281
   0.47611  0.08868 -0.64071
   0.45958  0.09032 -0.64895
   0.44329  0.09174 -0.65758
   0.42725  0.09293 -0.66665
   0.41143  0.09386 -0.67622
   0.39579  0.09451 -0.68639
   0.38029  0.09485 -0.69727
   0.36489  0.09490 -0.70899
   0.34951  0.09465 -0.72172
   0.33407  0.09412 -0.73567
   0.31844  0.09331 -0.75114
   0.30249  0.09221 -0.76858
   0.28605  0.09084 -0.78847
   0.26915  0.08925 -0.81127
   0.25199  0.08752 -0.83722
   0.23505  0.08575 -0.86609
   0.21871  0.08393 -0.89770
   0.20300  0.08197 -0.93246
   0.18773  0.07980 -0.97133
   0.17253  0.07731 -1.01589
   0.15713  0.07450 -1.06743
   0.14163  0.07144 -1.12561
   0.12656  0.06829 -1.18730
   0.11252  0.06516 -1.24641
   0.09968  0.06199 -1.30560
   0.08789  0.05873 -1.70387
   0.07692  0.05529 -2.18496
   0.06673  0.05171 -2.63570
   0.05747  0.04812 -3.05910
   0.04930  0.04467 -3.48506
   0.04221  0.04144 -3.96308
   0.03610  0.03842 -4.44930
   0.03080  0.03556 -4.95058
   0.02614  0.03283 -5.47937
   0.02200  0.03020 -6.05009
   0.01830  0.02763 -6.76860
   0.01502  0.02511 -7.52263
   0.01215  0.02262 -8.22239
   0.00966  0.02017 -8.91007
   0.00753  0.01777 -9.50557
   0.00571  0.01543 -9.91825
   0.00418  0.01317-10.53157
   0.00292  0.01099-11.46190
   0.00190  0.00890-11.89549
   0.00111  0.00688-12.41520
   0.00053  0.00492-12.76912
   0.00016  0.00301-13.05656
  -0.00000  0.00113-12.84545
   0.00005 -0.00075-12.26095
   0.00032 -0.00262-11.13312
   0.00080 -0.00453 -9.70428
   0.00151 -0.00647 -8.41746
   0.00244 -0.00845 -7.06822
   0.00361 -0.01050 -5.96124
   0.00504 -0.01260 -4.81900
   0.00675 -0.01474 -3.94886
   0.00876 -0.01690 -3.07807
   0.01110 -0.01906 -2.31910
   0.01381 -0.02120 -1.63006
   0.01689 -0.02332 -1.05092
   0.02036 -0.02539 -0.56057
   0.02422 -0.02744 -0.17889
   0.02854 -0.02947  0.11856
   0.03343 -0.03151  0.36012
   0.03906 -0.03360  0.55802
   0.04565 -0.03579  0.71069
   0.05342 -0.03817  0.82320
   0.06252 -0.04076  0.90204
   0.07286 -0.04346  0.95502
   0.08412 -0.04612  0.98587
   0.09611 -0.04862  0.99869
   0.10894 -0.05096  0.99852
   0.12277 -0.05318  0.98851
   0.13768 -0.05532  0.97145
   0.15355 -0.05739  0.94890
   0.17006 -0.05937  0.92265
   0.18687 -0.06126  0.89402
   0.20364 -0.06305  0.86298
   0.22017 -0.06471  0.83053
   0.23643 -0.06616  0.79703
   0.25251 -0.06737  0.76392
   0.26859 -0.06834  0.73347
   0.28487 -0.06909  0.70353
   0.30143 -0.06967  0.67431
   0.31826 -0.07010  0.64545
   0.33524 -0.07041  0.61363
   0.35223 -0.07059  0.58254
   0.36910 -0.07062  0.55000
   0.38580 -0.07049  0.51892
   0.40233 -0.07019  0.48752
   0.41870 -0.06970  0.45765
   0.43495 -0.06902  0.42821
   0.45109 -0.06813  0.40008
   0.46717 -0.06701  0.37527
   0.48320 -0.06566  0.35342
   0.49923 -0.06408  0.33453
   0.51530 -0.06227  0.31862
   0.53148 -0.06024  0.30476
   0.54784 -0.05799  0.29503
   0.56446 -0.05551  0.28840
   0.58139 -0.05285  0.28400
   0.59861 -0.05004  0.28081
   0.61602 -0.04714  0.27742
   0.63346 -0.04423  0.27407
   0.65079 -0.04136  0.26839
   0.66797 -0.03858  0.26267
   0.68503 -0.03590  0.25319
   0.70210 -0.03333  0.23933
   0.71927 -0.03084  0.22211
   0.73659 -0.02840  0.20319
   0.75405 -0.02599  0.18209
   0.77159 -0.02361  0.16003
   0.78910 -0.02123  0.13799
   0.80652 -0.01884  0.11775
   0.82377 -0.01643  0.10403
   0.84080 -0.01405  0.09510
   0.85759 -0.01176  0.08491
   0.87413 -0.00964  0.07024
   0.89043 -0.00771  0.05002
   0.90649 -0.00602  0.02187
   0.92231 -0.00457 -0.01892
   0.93789 -0.00335 -0.07290
   0.95309 -0.00235 -0.14555
   0.96766 -0.00153 -0.24405
   0.98110 -0.00086 -0.36653
   0.99297 -0.00031 -0.58671
   1.00000  0.00000 -0.49246
