x z                                             
 Alfa = -16.00000 Re = 19899914.000 Xflap,Yflap =     0.000000    0.000000
#    x        y        Cp  
   1.00000  0.00000  0.15833
   0.99304  0.00085 -0.10609
   0.98139  0.00233  0.05411
   0.96842  0.00406  0.11993
   0.95462  0.00607  0.16756
   0.94040  0.00841  0.19260
   0.92581  0.01112  0.20191
   0.91082  0.01419  0.20121
   0.89539  0.01763  0.19158
   0.87955  0.02138  0.17672
   0.86341  0.02537  0.15712
   0.84723  0.02944  0.09553
   0.83119  0.03346  0.08165
   0.81535  0.03730  0.06042
   0.79961  0.04089  0.04687
   0.78384  0.04426  0.04123
   0.76793  0.04743  0.04172
   0.75181  0.05044  0.04623
   0.73543  0.05330  0.05528
   0.71877  0.05604  0.06765
   0.70185  0.05868  0.08113
   0.68468  0.06126  0.09445
   0.66733  0.06380  0.10545
   0.64986  0.06631  0.11563
   0.63232  0.06878  0.12431
   0.61475  0.07121  0.13253
   0.59716  0.07361  0.13849
   0.57957  0.07597  0.14421
   0.56200  0.07830  0.14750
   0.54450  0.08057  0.15158
   0.52712  0.08277  0.15208
   0.50990  0.08488  0.15197
   0.49289  0.08686  0.15127
   0.47611  0.08868  0.15283
   0.45958  0.09032  0.15342
   0.44329  0.09174  0.15703
   0.42725  0.09293  0.16335
   0.41143  0.09386  0.17188
   0.39579  0.09451  0.18471
   0.38029  0.09485  0.20544
   0.36489  0.09490  0.22873
   0.34951  0.09465  0.25821
   0.33407  0.09412  0.29082
   0.31844  0.09331  0.32640
   0.30249  0.09221  0.36810
   0.28605  0.09084  0.41157
   0.26915  0.08925  0.45565
   0.25199  0.08752  0.49572
   0.23505  0.08575  0.53045
   0.21871  0.08393  0.56114
   0.20300  0.08197  0.59517
   0.18773  0.07980  0.63220
   0.17253  0.07731  0.67794
   0.15713  0.07450  0.72510
   0.14163  0.07144  0.77351
   0.12656  0.06829  0.81755
   0.11252  0.06516  0.85844
   0.09968  0.06199  0.89868
   0.08789  0.05873  0.93583
   0.07692  0.05529  0.96760
   0.06673  0.05171  0.99097
   0.05747  0.04812  0.99994
   0.04930  0.04467  0.99217
   0.04221  0.04144  0.96486
   0.03610  0.03842  0.91519
   0.03080  0.03556  0.83922
   0.02614  0.03283  0.72827
   0.02200  0.03020  0.58958
   0.01830  0.02763  0.38247
   0.01502  0.02511  0.10875
   0.01215  0.02262 -0.22427
   0.00966  0.02017 -0.64709
   0.00753  0.01777 -1.10853
   0.00571  0.01543 -1.69957
   0.00418  0.01317 -2.34181
   0.00292  0.01099 -3.10962
   0.00190  0.00890 -4.07311
   0.00111  0.00688 -5.03873
   0.00053  0.00492 -6.19075
   0.00016  0.00301 -7.31367
  -0.00000  0.00113 -8.49451
   0.00005 -0.00075 -9.24264
   0.00032 -0.00262 -9.72218
   0.00080 -0.00453 -9.75435
   0.00151 -0.00647 -9.80894
   0.00244 -0.00845 -9.73399
   0.00361 -0.01050 -9.47843
   0.00504 -0.01260 -9.32895
   0.00675 -0.01474 -9.10232
   0.00876 -0.01690 -8.84005
   0.01110 -0.01906 -8.52796
   0.01381 -0.02120 -7.86104
   0.01689 -0.02332 -7.30284
   0.02036 -0.02539 -6.72292
   0.02422 -0.02744 -6.20154
   0.02854 -0.02947 -5.68622
   0.03343 -0.03151 -5.19963
   0.03906 -0.03360 -4.69278
   0.04565 -0.03579 -4.19926
   0.05342 -0.03817 -3.79497
   0.06252 -0.04076 -3.49200
   0.07286 -0.04346 -3.24508
   0.08412 -0.04612 -3.02535
   0.09611 -0.04862 -2.80229
   0.10894 -0.05096 -2.58144
   0.12277 -0.05318 -2.36712
   0.13768 -0.05532 -2.17718
   0.15355 -0.05739 -2.01428
   0.17006 -0.05937 -1.87731
   0.18687 -0.06126 -1.76687
   0.20364 -0.06305 -1.69792
   0.22017 -0.06471 -1.64838
   0.23643 -0.06616 -1.60234
   0.25251 -0.06737 -1.55315
   0.26859 -0.06834 -1.48674
   0.28487 -0.06909 -1.41775
   0.30143 -0.06967 -1.34674
   0.31826 -0.07010 -1.28365
   0.33524 -0.07041 -1.23400
   0.35223 -0.07059 -1.18863
   0.36910 -0.07062 -1.14932
   0.38580 -0.07049 -1.11101
   0.40233 -0.07019 -1.07380
   0.41870 -0.06970 -1.03460
   0.43495 -0.06902 -0.99477
   0.45109 -0.06813 -0.95103
   0.46717 -0.06701 -0.90256
   0.48320 -0.06566 -0.84661
   0.49923 -0.06408 -0.78827
   0.51530 -0.06227 -0.72552
   0.53148 -0.06024 -0.66020
   0.54784 -0.05799 -0.59089
   0.56446 -0.05551 -0.51995
   0.58139 -0.05285 -0.44989
   0.59861 -0.05004 -0.38207
   0.61602 -0.04714 -0.31906
   0.63346 -0.04423 -0.26176
   0.65079 -0.04136 -0.21040
   0.66797 -0.03858 -0.16499
   0.68503 -0.03590 -0.12495
   0.70210 -0.03333 -0.08966
   0.71927 -0.03084 -0.05731
   0.73659 -0.02840 -0.02678
   0.75405 -0.02599  0.00221
   0.77159 -0.02361  0.02980
   0.78910 -0.02123  0.05560
   0.80652 -0.01884  0.07913
   0.82377 -0.01643  0.09951
   0.84080 -0.01405  0.11569
   0.85759 -0.01176  0.12738
   0.87413 -0.00964  0.12908
   0.89043 -0.00771  0.12750
   0.90649 -0.00602  0.12986
   0.92231 -0.00457  0.13385
   0.93789 -0.00335  0.13857
   0.95309 -0.00235  0.14357
   0.96766 -0.00153  0.14855
   0.98110 -0.00086  0.15317
   0.99297 -0.00031  0.15706
   1.00000  0.00000  0.15833
