x z                                             
 Alfa =  22.00000 Re = 19899914.000 Xflap,Yflap =     0.000000    0.000000
#    x        y        Cp  
   1.00000  0.00000 -0.08971
   0.97779  0.00280 -0.09576
   0.95049  0.00672 -0.10429
   0.91312  0.01370 -0.11649
   0.86653  0.02459 -0.13267
   0.81175  0.03815 -0.15358
   0.75000  0.05077 -0.18071
   0.68267  0.06156 -0.21448
   0.61126  0.07169 -0.25267
   0.53737  0.08148 -0.29101
   0.46264  0.09003 -0.36300
   0.38874  0.09470 -0.92808
   0.31733  0.09324 -1.33066
   0.25000  0.08731 -1.56457
   0.18826  0.07988 -2.10286
   0.13347  0.06975 -2.55208
   0.08688  0.05843 -3.57917
   0.04952  0.04477 -4.62734
   0.02221  0.03034 -6.82659
   0.00559  0.01526-10.80294
   0.00000  0.00000-12.55713
   0.00559 -0.01332 -3.30356
   0.02221 -0.02641  0.20261
   0.04952 -0.03699  0.92845
   0.08688 -0.04673  0.99562
   0.13347 -0.05474  0.91634
   0.18826 -0.06141  0.80455
   0.25000 -0.06720  0.66474
   0.31733 -0.07008  0.54440
   0.38874 -0.07045  0.41787
   0.46264 -0.06735  0.29807
   0.53737 -0.05945  0.24164
   0.61126 -0.04794  0.24948
   0.68267 -0.03626  0.24923
   0.75000 -0.02655  0.19709
   0.81175 -0.01812  0.13767
   0.86653 -0.01059  0.12332
   0.91312 -0.00538  0.06944
   0.95049 -0.00251 -0.06392
   0.97779 -0.00102 -0.36116
   1.00000  0.00000 -0.08971
