x z                                             
 Alfa =  16.37500 Re = 19899914.000 Xflap,Yflap =     0.000000    0.000000
#    x        y        Cp  
   1.00000  0.00000  0.07133
   0.97779  0.00280  0.06529
   0.95049  0.00672  0.05655
   0.91312  0.01370  0.04505
   0.86653  0.02459  0.03181
   0.81175  0.03815  0.01864
   0.75000  0.05077  0.00636
   0.68267  0.06156 -0.15555
   0.61126  0.07169 -0.36180
   0.53737  0.08148 -0.60918
   0.46264  0.09003 -0.95347
   0.38874  0.09470 -1.34229
   0.31733  0.09324 -1.54652
   0.25000  0.08731 -1.63500
   0.18826  0.07988 -2.05131
   0.13347  0.06975 -2.35097
   0.08688  0.05843 -3.15032
   0.04952  0.04477 -3.87302
   0.02221  0.03034 -5.42431
   0.00559  0.01526 -8.02641
   0.00000  0.00000 -8.21856
   0.00559 -0.01332 -1.39444
   0.02221 -0.02641  0.73090
   0.04952 -0.03699  0.99998
   0.08688 -0.04673  0.92376
   0.13347 -0.05474  0.79160
   0.18826 -0.06141  0.66484
   0.25000 -0.06720  0.51646
   0.31733 -0.07008  0.40732
   0.38874 -0.07045  0.29445
   0.46264 -0.06735  0.19426
   0.53737 -0.05945  0.16739
   0.61126 -0.04794  0.20525
   0.68267 -0.03626  0.23344
   0.75000 -0.02655  0.20426
   0.81175 -0.01812  0.17015
   0.86653 -0.01059  0.18165
   0.91312 -0.00538  0.15699
   0.95049 -0.00251  0.06724
   0.97779 -0.00102 -0.13689
   1.00000  0.00000  0.07133
