x z                                             
 Alfa =   1.00000 Re = 19899914.000 Xflap,Yflap =     0.000000    0.000000
#    x        y        Cp  
   1.00000  0.00000  0.29297
   0.97779  0.00280  0.24264
   0.95049  0.00672  0.22398
   0.91312  0.01370  0.17328
   0.86653  0.02459  0.05583
   0.81175  0.03815 -0.13426
   0.75000  0.05077 -0.24258
   0.68267  0.06156 -0.27492
   0.61126  0.07169 -0.32858
   0.53737  0.08148 -0.42829
   0.46264  0.09003 -0.59642
   0.38874  0.09470 -0.75583
   0.31733  0.09324 -0.73515
   0.25000  0.08731 -0.61972
   0.18826  0.07988 -0.67688
   0.13347  0.06975 -0.60620
   0.08688  0.05843 -0.67053
   0.04952  0.04477 -0.52966
   0.02221  0.03034 -0.38518
   0.00559  0.01526  0.06841
   0.00000  0.00000  0.96504
   0.00559 -0.01332  0.55552
   0.02221 -0.02641  0.00134
   0.04952 -0.03699 -0.08115
   0.08688 -0.04673 -0.19763
   0.13347 -0.05474 -0.21526
   0.18826 -0.06141 -0.22392
   0.25000 -0.06720 -0.31140
   0.31733 -0.07008 -0.30766
   0.38874 -0.07045 -0.33547
   0.46264 -0.06735 -0.34322
   0.53737 -0.05945 -0.24835
   0.61126 -0.04794 -0.08919
   0.68267 -0.03626  0.02364
   0.75000 -0.02655  0.06283
   0.81175 -0.01812  0.10039
   0.86653 -0.01059  0.17963
   0.91312 -0.00538  0.22609
   0.95049 -0.00251  0.23625
   0.97779 -0.00102  0.23683
   1.00000  0.00000  0.29297
