x z                                             
 Alfa = -26.50000 Re = 19899914.000 Xflap,Yflap =     0.000000    0.000000
#    x        y        Cp  
   1.00000  0.00000 -0.28019
   0.97779  0.00280 -0.57844
   0.95049  0.00672 -0.22865
   0.91312  0.01370 -0.12227
   0.86653  0.02459 -0.12906
   0.81175  0.03815 -0.18668
   0.75000  0.05077 -0.12532
   0.68267  0.06156 -0.00354
   0.61126  0.07169  0.08950
   0.53737  0.08148  0.15574
   0.46264  0.09003  0.20377
   0.38874  0.09470  0.29031
   0.31733  0.09324  0.46471
   0.25000  0.08731  0.64811
   0.18826  0.07988  0.78438
   0.13347  0.06975  0.92187
   0.08688  0.05843  0.99846
   0.04952  0.04477  0.89548
   0.02221  0.03034  0.17601
   0.00559  0.01526 -2.94861
   0.00000  0.00000-12.40860
   0.00559 -0.01332-10.78104
   0.02221 -0.02641 -6.27996
   0.04952 -0.03699 -3.19105
   0.08688 -0.04673 -1.79191
   0.13347 -0.05474 -1.05192
   0.18826 -0.06141 -0.82811
   0.25000 -0.06720 -0.66507
   0.31733 -0.07008 -0.55978
   0.38874 -0.07045 -0.48934
   0.46264 -0.06735 -0.43961
   0.53737 -0.05945 -0.40329
   0.61126 -0.04794 -0.37549
   0.68267 -0.03626 -0.35309
   0.75000 -0.02655 -0.33457
   0.81175 -0.01812 -0.31935
   0.86653 -0.01059 -0.30701
   0.91312 -0.00538 -0.29712
   0.95049 -0.00251 -0.28950
   0.97779 -0.00102 -0.28412
   1.00000  0.00000 -0.28019
