x z                                             
 Alfa = -25.00000 Re = 19899914.000 Xflap,Yflap =     0.000000    0.000000
#    x        y        Cp  
   1.00000  0.00000 -0.16962
   0.99304  0.00085 -0.48888
   0.98139  0.00233 -0.23361
   0.96842  0.00406 -0.11547
   0.95462  0.00607 -0.02851
   0.94040  0.00841  0.02349
   0.92581  0.01112  0.05245
   0.91082  0.01419  0.06665
   0.89539  0.01763  0.06901
   0.87955  0.02138  0.06413
   0.86341  0.02537  0.05338
   0.84723  0.02944  0.03838
   0.83119  0.03346  0.02248
   0.81535  0.03730  0.00967
   0.79961  0.04089  0.00927
   0.78384  0.04426  0.01720
   0.76793  0.04743  0.03091
   0.75181  0.05044  0.04838
   0.73543  0.05330  0.06999
   0.71877  0.05604  0.09422
   0.70185  0.05868  0.11908
   0.68468  0.06126  0.14337
   0.66733  0.06380  0.16491
   0.64986  0.06631  0.18580
   0.63232  0.06878  0.20393
   0.61475  0.07121  0.22246
   0.59716  0.07361  0.23839
   0.57957  0.07597  0.25377
   0.56200  0.07830  0.26795
   0.54450  0.08057  0.28179
   0.52712  0.08277  0.29278
   0.50990  0.08488  0.30416
   0.49289  0.08686  0.31505
   0.47611  0.08868  0.32694
   0.45958  0.09032  0.33967
   0.44329  0.09174  0.35474
   0.42725  0.09293  0.37076
   0.41143  0.09386  0.38930
   0.39579  0.09451  0.41341
   0.38029  0.09485  0.43999
   0.36489  0.09490  0.47072
   0.34951  0.09465  0.50278
   0.33407  0.09412  0.54027
   0.31844  0.09331  0.57599
   0.30249  0.09221  0.61729
   0.28605  0.09084  0.65798
   0.26915  0.08925  0.69921
   0.25199  0.08752  0.73737
   0.23505  0.08575  0.77163
   0.21871  0.08393  0.80336
   0.20300  0.08197  0.83549
   0.18773  0.07980  0.86724
   0.17253  0.07731  0.90040
   0.15713  0.07450  0.93243
   0.14163  0.07144  0.96055
   0.12656  0.06829  0.98197
   0.11252  0.06516  0.99618
   0.09968  0.06199  0.99973
   0.08789  0.05873  0.98955
   0.07692  0.05529  0.96146
   0.06673  0.05171  0.90914
   0.05747  0.04812  0.82993
   0.04930  0.04467  0.71918
   0.04221  0.04144  0.57068
   0.03610  0.03842  0.38469
   0.03080  0.03556  0.13828
   0.02614  0.03283 -0.14224
   0.02200  0.03020 -0.49228
   0.01830  0.02763 -0.98099
   0.01502  0.02511 -1.53776
   0.01215  0.02262 -2.24188
   0.00966  0.02017 -3.01163
   0.00753  0.01777 -3.88695
   0.00571  0.01543 -4.88832
   0.00418  0.01317 -5.94371
   0.00292  0.01099 -7.28296
   0.00190  0.00890 -8.78304
   0.00111  0.00688-10.30448
   0.00053  0.00492-12.13197
   0.00016  0.00301-13.69346
  -0.00000  0.00113-15.32977
   0.00005 -0.00075-16.33997
   0.00032 -0.00262-16.51879
   0.00080 -0.00453-16.45662
   0.00151 -0.00647-16.08486
   0.00244 -0.00845-15.55043
   0.00361 -0.01050-15.00858
   0.00504 -0.01260-14.51870
   0.00675 -0.01474-13.56362
   0.00876 -0.01690-13.02348
   0.01110 -0.01906-12.21578
   0.01381 -0.02120-11.32536
   0.01689 -0.02332-10.36238
   0.02036 -0.02539 -9.35903
   0.02422 -0.02744 -8.46396
   0.02854 -0.02947 -7.67730
   0.03343 -0.03151 -6.90632
   0.03906 -0.03360 -6.13146
   0.04565 -0.03579 -5.40994
   0.05342 -0.03817 -4.81835
   0.06252 -0.04076 -4.34665
   0.07286 -0.04346 -3.94533
   0.08412 -0.04612 -3.59586
   0.09611 -0.04862 -3.25420
   0.10894 -0.05096 -2.92764
   0.12277 -0.05318 -2.62630
   0.13768 -0.05532 -2.34767
   0.15355 -0.05739 -2.11295
   0.17006 -0.05937 -1.90838
   0.18687 -0.06126 -1.73458
   0.20364 -0.06305 -1.60112
   0.22017 -0.06471 -1.48523
   0.23643 -0.06616 -1.37367
   0.25251 -0.06737 -1.26024
   0.26859 -0.06834 -1.13234
   0.28487 -0.06909 -1.00167
   0.30143 -0.06967 -0.87140
   0.31826 -0.07010 -0.74578
   0.33524 -0.07041 -0.63201
   0.35223 -0.07059 -0.53340
   0.36910 -0.07062 -0.45924
   0.38580 -0.07049 -0.41769
   0.40233 -0.07019 -0.42912
   0.41870 -0.06970 -0.42260
   0.43495 -0.06902 -0.41285
   0.45109 -0.06813 -0.40263
   0.46717 -0.06701 -0.39253
   0.48320 -0.06566 -0.38271
   0.49923 -0.06408 -0.37320
   0.51530 -0.06227 -0.36397
   0.53148 -0.06024 -0.35497
   0.54784 -0.05799 -0.34612
   0.56446 -0.05551 -0.33737
   0.58139 -0.05285 -0.32867
   0.59861 -0.05004 -0.32003
   0.61602 -0.04714 -0.31150
   0.63346 -0.04423 -0.30316
   0.65079 -0.04136 -0.29507
   0.66797 -0.03858 -0.28724
   0.68503 -0.03590 -0.27964
   0.70210 -0.03333 -0.27223
   0.71927 -0.03084 -0.26495
   0.73659 -0.02840 -0.25781
   0.75405 -0.02599 -0.25080
   0.77159 -0.02361 -0.24396
   0.78910 -0.02123 -0.23733
   0.80652 -0.01884 -0.23093
   0.82377 -0.01643 -0.22478
   0.84080 -0.01405 -0.21887
   0.85759 -0.01176 -0.21319
   0.87413 -0.00964 -0.20772
   0.89043 -0.00771 -0.20245
   0.90649 -0.00602 -0.19734
   0.92231 -0.00457 -0.19240
   0.93789 -0.00335 -0.18761
   0.95309 -0.00235 -0.18302
   0.96766 -0.00153 -0.17868
   0.98110 -0.00086 -0.17476
   0.99297 -0.00031 -0.17138
   1.00000  0.00000 -0.16962
