x z                                             
 Alfa = -14.50000 Re = 19899914.000 Xflap,Yflap =     0.000000    0.000000
#    x        y        Cp  
   1.00000  0.00000  0.21197
   0.97779  0.00280  0.11543
   0.95049  0.00672  0.21642
   0.91312  0.01370  0.22485
   0.86653  0.02459  0.15198
   0.81175  0.03815  0.04017
   0.75000  0.05077  0.02481
   0.68267  0.06156  0.07104
   0.61126  0.07169  0.10141
   0.53737  0.08148  0.10936
   0.46264  0.09003  0.09558
   0.38874  0.09470  0.11875
   0.31733  0.09324  0.25534
   0.25000  0.08731  0.42979
   0.18826  0.07988  0.55338
   0.13347  0.06975  0.72642
   0.08688  0.05843  0.88134
   0.04952  0.04477  0.99799
   0.02221  0.03034  0.80409
   0.00559  0.01526 -0.91418
   0.00000  0.00000 -8.00909
   0.00559 -0.01332 -8.49203
   0.02221 -0.02641 -5.79635
   0.04952 -0.03699 -3.51169
   0.08688 -0.04673 -2.71482
   0.13347 -0.05474 -2.05352
   0.18826 -0.06141 -1.63522
   0.25000 -0.06720 -1.48591
   0.31733 -0.07008 -1.23014
   0.38874 -0.07045 -1.07325
   0.46264 -0.06735 -0.91419
   0.53737 -0.05945 -0.64759
   0.61126 -0.04794 -0.35151
   0.68267 -0.03626 -0.15070
   0.75000 -0.02655 -0.03367
   0.81175 -0.01812  0.06835
   0.86653 -0.01059  0.15226
   0.91312 -0.00538  0.19335
   0.95049 -0.00251  0.21279
   0.97779 -0.00102  0.21305
   1.00000  0.00000  0.21197
