x z                                             
 Alfa =  15.12500 Re = 19899914.000 Xflap,Yflap =     0.000000    0.000000
#    x        y        Cp  
   1.00000  0.00000  0.09810
   0.99304  0.00085  0.09641
   0.98139  0.00233  0.09251
   0.96842  0.00406  0.08808
   0.95462  0.00607  0.08344
   0.94040  0.00841  0.07884
   0.92581  0.01112  0.07438
   0.91082  0.01419  0.07011
   0.89539  0.01763  0.06615
   0.87955  0.02138  0.06281
   0.86341  0.02537  0.06111
   0.84723  0.02944  0.06584
   0.83119  0.03346  0.06856
   0.81535  0.03730  0.04669
   0.79961  0.04089  0.01308
   0.78384  0.04426 -0.02899
   0.76793  0.04743 -0.07625
   0.75181  0.05044 -0.12530
   0.73543  0.05330 -0.17348
   0.71877  0.05604 -0.21918
   0.70185  0.05868 -0.26227
   0.68468  0.06126 -0.30357
   0.66733  0.06380 -0.34480
   0.64986  0.06631 -0.38691
   0.63232  0.06878 -0.42970
   0.61475  0.07121 -0.47379
   0.59716  0.07361 -0.52092
   0.57957  0.07597 -0.57068
   0.56200  0.07830 -0.62428
   0.54450  0.08057 -0.68178
   0.52712  0.08277 -0.74496
   0.50990  0.08488 -0.81431
   0.49289  0.08686 -0.88840
   0.47611  0.08868 -0.96478
   0.45958  0.09032 -1.04526
   0.44329  0.09174 -1.12481
   0.42725  0.09293 -1.20716
   0.41143  0.09386 -1.28539
   0.39579  0.09451 -1.35790
   0.38029  0.09485 -1.42138
   0.36489  0.09490 -1.47217
   0.34951  0.09465 -1.51433
   0.33407  0.09412 -1.55146
   0.31844  0.09331 -1.57878
   0.30249  0.09221 -1.59452
   0.28605  0.09084 -1.60688
   0.26915  0.08925 -1.62646
   0.25199  0.08752 -1.66253
   0.23505  0.08575 -1.74163
   0.21871  0.08393 -1.84835
   0.20300  0.08197 -1.95639
   0.18773  0.07980 -2.05624
   0.17253  0.07731 -2.12705
   0.15713  0.07450 -2.19604
   0.14163  0.07144 -2.27997
   0.12656  0.06829 -2.42811
   0.11252  0.06516 -2.64195
   0.09968  0.06199 -2.86549
   0.08789  0.05873 -3.07895
   0.07692  0.05529 -3.26233
   0.06673  0.05171 -3.43806
   0.05747  0.04812 -3.61596
   0.04930  0.04467 -3.82507
   0.04221  0.04144 -4.09421
   0.03610  0.03842 -4.37265
   0.03080  0.03556 -4.65564
   0.02614  0.03283 -4.93177
   0.02200  0.03020 -5.25901
   0.01830  0.02763 -5.66338
   0.01502  0.02511 -6.09430
   0.01215  0.02262 -6.56632
   0.00966  0.02017 -6.84358
   0.00753  0.01777 -7.04933
   0.00571  0.01543 -7.23026
   0.00418  0.01317 -7.38651
   0.00292  0.01099 -7.59910
   0.00190  0.00890 -7.73939
   0.00111  0.00688 -7.82630
   0.00053  0.00492 -7.82700
   0.00016  0.00301 -7.67045
  -0.00000  0.00113 -7.37646
   0.00005 -0.00075 -6.72892
   0.00032 -0.00262 -5.71687
   0.00080 -0.00453 -4.72092
   0.00151 -0.00647 -3.85338
   0.00244 -0.00845 -2.94808
   0.00361 -0.01050 -2.18919
   0.00504 -0.01260 -1.55955
   0.00675 -0.01474 -0.99384
   0.00876 -0.01690 -0.53180
   0.01110 -0.01906 -0.12465
   0.01381 -0.02120  0.20054
   0.01689 -0.02332  0.45936
   0.02036 -0.02539  0.65259
   0.02422 -0.02744  0.78803
   0.02854 -0.02947  0.88147
   0.03343 -0.03151  0.94445
   0.03906 -0.03360  0.98123
   0.04565 -0.03579  0.99823
   0.05342 -0.03817  0.99786
   0.06252 -0.04076  0.98357
   0.07286 -0.04346  0.95826
   0.08412 -0.04612  0.92337
   0.09611 -0.04862  0.88581
   0.10894 -0.05096  0.84673
   0.12277 -0.05318  0.80781
   0.13768 -0.05532  0.76822
   0.15355 -0.05739  0.72917
   0.17006 -0.05937  0.69112
   0.18687 -0.06126  0.65265
   0.20364 -0.06305  0.61404
   0.22017 -0.06471  0.57370
   0.23643 -0.06616  0.53588
   0.25251 -0.06737  0.49987
   0.26859 -0.06834  0.47167
   0.28487 -0.06909  0.44582
   0.30143 -0.06967  0.42200
   0.31826 -0.07010  0.39817
   0.33524 -0.07041  0.37305
   0.35223 -0.07059  0.34665
   0.36910 -0.07062  0.32157
   0.38580 -0.07049  0.29721
   0.40233 -0.07019  0.27267
   0.41870 -0.06970  0.25110
   0.43495 -0.06902  0.23142
   0.45109 -0.06813  0.21260
   0.46717 -0.06701  0.19877
   0.48320 -0.06566  0.18954
   0.49923 -0.06408  0.18283
   0.51530 -0.06227  0.18019
   0.53148 -0.06024  0.17998
   0.54784 -0.05799  0.18432
   0.56446 -0.05551  0.19228
   0.58139 -0.05285  0.20146
   0.59861 -0.05004  0.21240
   0.61602 -0.04714  0.22226
   0.63346 -0.04423  0.23126
   0.65079 -0.04136  0.23739
   0.66797 -0.03858  0.24669
   0.68503 -0.03590  0.25666
   0.70210 -0.03333  0.25256
   0.71927 -0.03084  0.24638
   0.73659 -0.02840  0.23906
   0.75405 -0.02599  0.23135
   0.77159 -0.02361  0.22340
   0.78910 -0.02123  0.21672
   0.80652 -0.01884  0.21198
   0.82377 -0.01643  0.21364
   0.84080 -0.01405  0.21952
   0.85759 -0.01176  0.22419
   0.87413 -0.00964  0.22543
   0.89043 -0.00771  0.22189
   0.90649 -0.00602  0.21315
   0.92231 -0.00457  0.19500
   0.93789 -0.00335  0.16802
   0.95309 -0.00235  0.12825
   0.96766 -0.00153  0.06998
   0.98110 -0.00086 -0.00736
   0.99297 -0.00031 -0.19615
   1.00000  0.00000  0.09810
